For the input file named in-1000.txt
With the RNG unseeded,
the current Skip List is shown below: 
---infinity
   238;
   493;
   690;   690;   690;   690;   690;
   768;
  1123;  1123;  1123;
  1564;  1564;  1564;  1564;  1564;  1564;  1564;  1564;  1564;
  1594;  1594;  1594;
  1680;
  2042;
  2537;
  3057;
  3335;
  3583;
  3752;  3752;
  4018;
  4623;
  4821;  4821;  4821;  4821;
  5274;  5274;  5274;  5274;
  5487;  5487;  5487;
  5649;
  5728;
  6444;  6444;
  7135;
  7455;
  7490;  7490;
  7566;
  7636;  7636;
  7969;
  8083;
  8275;
  8420;
  8719;
  8800;
  8933;  8933;
  9506;  9506;  9506;  9506;
  9510;  9510;
  9644;
 10000;
 10472;
 10480; 10480; 10480; 10480; 10480;
 10489; 10489;
 11189; 11189;
 11243;
 11406;
 11431;
 11484; 11484; 11484; 11484;
 11811; 11811; 11811;
 11817;
 11841; 11841;
 12146;
 12174; 12174;
 12372;
 12554;
 12601;
 12672;
 12786; 12786;
 12789; 12789;
 12943;
 13024;
 13122;
 13183; 13183; 13183; 13183; 13183; 13183; 13183;
 13362;
 13365; 13365;
 13704; 13704; 13704;
 14278;
 14297;
 14520;
 14574; 14574;
 14682; 14682; 14682;
 14729; 14729;
 14854;
 14943;
 14948; 14948; 14948;
 15151; 15151;
 15177; 15177;
 15282;
 15701;
 15838;
 16031;
 16255;
 16349; 16349;
 16553; 16553; 16553;
 16949; 16949;
 17140; 17140; 17140; 17140; 17140;
 17223;
 17304; 17304;
 17309;
 17359;
 17691; 17691; 17691;
 17760; 17760;
 17902;
 18041;
 18296;
 18726;
 18757; 18757;
 19016; 19016; 19016; 19016;
 19102;
 19141; 19141;
 19690; 19690; 19690;
 20107; 20107; 20107; 20107;
 20182; 20182;
 20263; 20263;
 20787;
 20942; 20942; 20942; 20942; 20942;
 21259;
 21402; 21402;
 21824; 21824; 21824;
 21861;
 21917; 21917; 21917;
 21936; 21936;
 22010;
 22360; 22360; 22360;
 22561;
 22562; 22562; 22562; 22562;
 22631; 22631;
 22801;
 22862;
 23684; 23684;
 23773;
 23844; 23844; 23844; 23844; 23844;
 23928;
 24520; 24520; 24520;
 25086; 25086;
 25147;
 25330;
 25512;
 25659; 25659; 25659;
 25669; 25669;
 26057; 26057; 26057; 26057;
 26492; 26492;
 26973;
 27167; 27167; 27167;
 27337; 27337; 27337;
 27695; 27695;
 27724;
 27813;
 28299;
 28457; 28457;
 28564;
 29476;
 29722; 29722; 29722;
 29727;
 29881; 29881; 29881; 29881;
 29926; 29926; 29926;
 30171;
 30261;
 30893;
 30914; 30914;
 31084; 31084; 31084; 31084;
 31291; 31291;
 31519;
 31524;
 31585; 31585; 31585;
 31661;
 31696;
 31811; 31811;
 32362;
 32889;
 33104; 33104;
 33318;
 33464;
 33840; 33840; 33840; 33840;
 33941;
 34020;
 34216;
 34485; 34485;
 34721;
 34815;
 34987;
 35268; 35268; 35268; 35268;
 35337;
 35530; 35530;
 35919;
 36207; 36207;
 36325; 36325;
 36428; 36428;
 36569; 36569;
 36829; 36829; 36829; 36829; 36829;
 36951; 36951;
 37333; 37333;
 37358;
 37455;
 37925;
 37932; 37932; 37932; 37932; 37932; 37932;
 38408;
 38497;
 38748; 38748;
 38809;
 39321; 39321;
 39492; 39492;
 39613;
 39898; 39898; 39898; 39898; 39898; 39898;
 39918; 39918;
 39994; 39994; 39994;
 40155; 40155;
 40362;
 40392;
 40742; 40742;
 41019; 41019;
 41114;
 41146;
 41379; 41379;
 41586;
 41687;
 41713; 41713; 41713; 41713; 41713; 41713; 41713; 41713; 41713; 41713;
 41799; 41799; 41799; 41799;
 42132;
 42281; 42281; 42281;
 42428; 42428; 42428; 42428; 42428; 42428; 42428;
 42456; 42456; 42456;
 42616; 42616;
 43119;
 43234; 43234;
 43240; 43240;
 43264; 43264; 43264;
 43428; 43428;
 43713;
 43916;
 43980; 43980; 43980; 43980; 43980;
 44506;
 44607;
 44775; 44775; 44775; 44775;
 44887;
 45024; 45024;
 45134;
 45426; 45426; 45426; 45426; 45426; 45426;
 45631;
 45862; 45862;
 47066;
 47201; 47201;
 47329; 47329; 47329; 47329; 47329; 47329; 47329; 47329;
 47631; 47631; 47631; 47631; 47631;
 48168;
 48291;
 48587;
 48803; 48803;
 49149;
 49585;
 50017; 50017;
 50592; 50592; 50592; 50592;
 50635;
 50861;
 51040; 51040; 51040;
 51873;
 52040; 52040;
 52182;
 52377; 52377; 52377;
 52609;
 53173;
 53547;
 54079;
 54425; 54425; 54425;
 54646; 54646; 54646; 54646;
 54648;
 54680; 54680; 54680;
 54886; 54886;
 54895;
 55092; 55092; 55092;
 55523;
 56246;
 56317; 56317;
 56356;
 56501; 56501; 56501;
 56591; 56591; 56591;
 56660;
 56662;
 56940; 56940;
 57085;
 57144;
 57466; 57466;
 57528;
 57666;
 58584; 58584; 58584; 58584; 58584; 58584; 58584; 58584; 58584;
 58847;
 58889; 58889;
 59152; 59152; 59152;
 59408;
 59703; 59703;
 59730;
 59937; 59937; 59937; 59937; 59937;
 60364; 60364; 60364; 60364;
 60671; 60671; 60671; 60671;
 60902;
 60999;
 61162; 61162;
 61163;
 61578; 61578;
 62065;
 62308; 62308; 62308; 62308; 62308; 62308; 62308; 62308;
 62975; 62975;
 63120; 63120;
 63344; 63344;
 63438; 63438; 63438;
 63553; 63553; 63553;
 63603; 63603;
 63724; 63724; 63724; 63724;
 63928;
 63944;
 64029; 64029; 64029;
 64831; 64831;
 65047;
 65257;
 65442;
 65728; 65728; 65728; 65728;
 65893; 65893; 65893;
 65928;
 65967; 65967;
 66077;
 66196; 66196;
 66747;
 67370;
 67510; 67510; 67510;
 67661;
 67754; 67754;
 67783;
 67885;
 67995; 67995;
 68138;
 68156; 68156; 68156;
 68182; 68182; 68182; 68182;
 68199; 68199;
 68537;
 68565; 68565; 68565;
 69023;
 69082; 69082;
 69313;
 69787; 69787; 69787;
 69837;
 70060;
 70137;
 70211;
 70216; 70216;
 70331; 70331; 70331;
 70379; 70379; 70379;
 70397;
 70484;
 70630; 70630; 70630; 70630;
 71021;
 71059; 71059;
 71065;
 71122;
 71194;
 71254; 71254;
 71697;
 71967;
 72118;
 72289;
 72424;
 72709; 72709; 72709;
 72877;
 73020;
 73214; 73214; 73214;
 73467;
 73956; 73956;
 74192; 74192;
 74338; 74338; 74338; 74338; 74338; 74338;
 74421;
 74486; 74486; 74486;
 74488; 74488; 74488; 74488;
 74834;
 75043; 75043;
 75188;
 75370;
 75486; 75486; 75486;
 75511;
 75633;
 75642;
 75821;
 75913;
 76315;
 76416;
 76424;
 76466; 76466;
 76482;
 76592;
 76860;
 76878; 76878; 76878;
 76958; 76958; 76958; 76958; 76958;
 77088; 77088;
 77155; 77155;
 77592; 77592; 77592;
 77877; 77877; 77877; 77877;
 78173;
 78208;
 78304; 78304;
 78423;
 78431;
 78594; 78594; 78594;
 78630;
 78728;
 78842;
 79024; 79024; 79024; 79024; 79024; 79024; 79024;
 79158;
 79243;
 79328;
 79392;
 79399; 79399;
 79623; 79623;
 79627; 79627; 79627; 79627; 79627;
 79678;
 79700;
 79804;
 80160; 80160;
 80526; 80526; 80526; 80526; 80526; 80526;
 80813;
 80893;
 81411;
 81760;
 81800;
 82024; 82024;
 82097;
 82332; 82332; 82332; 82332; 82332;
 82564; 82564; 82564;
 83093;
 83114; 83114; 83114; 83114;
 83396;
 83479; 83479; 83479;
 83534;
 84349;
 84411; 84411;
 84501; 84501; 84501;
 84588;
 85233; 85233; 85233; 85233; 85233; 85233;
 85267; 85267;
 85444;
 85563;
 85644;
 85751; 85751; 85751; 85751;
 86086;
 86645; 86645; 86645;
 86951;
 87082;
 87245;
 88243; 88243; 88243;
 88413; 88413;
 88647;
 88784;
 88834; 88834;
 88850;
 88929; 88929;
 89191; 89191; 89191;
 89244;
 89441;
 89451; 89451; 89451; 89451; 89451; 89451; 89451;
 89488;
 89667; 89667;
 89831;
 90084; 90084;
 90256;
 90416; 90416; 90416; 90416; 90416; 90416; 90416;
 90518;
 90592; 90592;
 90762; 90762; 90762;
 90858; 90858; 90858;
 91239;
 91266;
 91493;
 91542; 91542;
 91578; 91578;
 91627;
 91815; 91815;
 92021; 92021; 92021; 92021; 92021; 92021;
 92219; 92219;
 92472;
 92595; 92595; 92595; 92595;
 92684; 92684;
 92896; 92896;
 93062;
 93365;
 93487; 93487; 93487; 93487;
 93636;
 93761;
 93812; 93812; 93812;
 94175; 94175;
 94245; 94245; 94245;
 94617; 94617; 94617;
 94815; 94815; 94815;
 95875; 95875;
 95905; 95905; 95905;
 95981; 95981;
 95996;
 96287; 96287;
 96441;
 96445;
 96574; 96574; 96574; 96574;
 96665; 96665;
 96750;
 96896; 96896;
 97210; 97210;
 97517; 97517;
 97733;
 98015; 98015;
 98320; 98320; 98320; 98320;
 98392; 98392; 98392; 98392;
 98398; 98398; 98398; 98398;
 98429; 98429; 98429;
 98670;
 98880;
 99095; 99095; 99095;
+++infinity
---End of Skip List---
80813 deleted
the current Skip List is shown below: 
---infinity
   222;   222;
   238;
   287;
   493;
   690;   690;   690;   690;   690;
   768;
   875;   875;   875;   875;
   984;
  1123;  1123;  1123;
  1467;
  1542;
  1564;  1564;  1564;  1564;  1564;  1564;  1564;  1564;  1564;
  1594;  1594;  1594;
  1680;
  1768;  1768;
  1857;
  2042;
  2053;
  2068;
  2095;
  2233;  2233;
  2414;
  2469;  2469;  2469;
  2537;
  2842;  2842;
  3057;
  3232;  3232;  3232;  3232;  3232;  3232;
  3335;
  3347;
  3400;
  3414;  3414;
  3463;
  3539;
  3583;
  3752;  3752;
  3761;
  3839;  3839;  3839;  3839;  3839;  3839;  3839;  3839;  3839;  3839;  3839;
  3952;  3952;
  4018;
  4623;
  4679;  4679;  4679;
  4722;
  4821;  4821;  4821;  4821;
  4875;  4875;  4875;
  4953;  4953;
  5174;
  5274;  5274;  5274;  5274;
  5487;  5487;  5487;
  5551;
  5649;
  5662;
  5728;
  5889;
  6003;  6003;
  6274;
  6444;  6444;
  6764;
  6958;  6958;
  7135;
  7455;
  7490;  7490;
  7566;
  7588;
  7636;  7636;
  7734;  7734;
  7969;
  8072;  8072;  8072;  8072;
  8076;
  8083;
  8243;
  8275;
  8315;  8315;
  8420;
  8719;
  8800;
  8933;  8933;
  9071;
  9123;
  9128;  9128;
  9506;  9506;  9506;  9506;
  9510;  9510;
  9644;
  9842;
 10000;
 10120;
 10230; 10230;
 10472;
 10480; 10480; 10480; 10480; 10480;
 10489; 10489;
 10536; 10536; 10536;
 10607; 10607;
 10844;
 11118; 11118;
 11189; 11189;
 11243;
 11406;
 11426; 11426;
 11431;
 11484; 11484; 11484; 11484;
 11581;
 11766;
 11811; 11811; 11811;
 11817;
 11841; 11841;
 11856;
 12113; 12113; 12113;
 12146;
 12174; 12174;
 12372;
 12458;
 12554;
 12601;
 12672;
 12786; 12786;
 12789; 12789;
 12866; 12866; 12866; 12866; 12866;
 12943;
 12945;
 13009; 13009;
 13024;
 13122;
 13183; 13183; 13183; 13183; 13183; 13183; 13183;
 13362;
 13365; 13365;
 13638; 13638;
 13692;
 13701;
 13704; 13704; 13704;
 13831; 13831; 13831;
 14278;
 14296;
 14297;
 14520;
 14574; 14574;
 14676; 14676;
 14682; 14682; 14682;
 14729; 14729;
 14854;
 14943;
 14948; 14948; 14948;
 15151; 15151;
 15177; 15177;
 15282;
 15395;
 15396; 15396;
 15620;
 15654; 15654; 15654; 15654;
 15680; 15680; 15680; 15680;
 15701;
 15838;
 15853;
 15895; 15895; 15895;
 15912;
 16031;
 16113;
 16171; 16171;
 16255;
 16349; 16349;
 16553; 16553; 16553;
 16555; 16555;
 16693; 16693;
 16774; 16774;
 16949; 16949;
 17140; 17140; 17140; 17140; 17140;
 17223;
 17236;
 17304; 17304;
 17309;
 17359;
 17691; 17691; 17691;
 17760; 17760;
 17902;
 17958; 17958; 17958; 17958;
 18041;
 18296;
 18337;
 18485; 18485; 18485;
 18592;
 18610; 18610; 18610; 18610;
 18726;
 18757; 18757;
 18836;
 19016; 19016; 19016; 19016;
 19102;
 19141; 19141;
 19293; 19293; 19293;
 19690; 19690; 19690;
 19852; 19852;
 19933; 19933; 19933;
 20028; 20028; 20028;
 20077; 20077;
 20107; 20107; 20107; 20107;
 20155;
 20182; 20182;
 20263; 20263;
 20449; 20449;
 20787;
 20942; 20942; 20942; 20942; 20942;
 21142;
 21195;
 21259;
 21402; 21402;
 21558; 21558; 21558;
 21732;
 21824; 21824; 21824;
 21842; 21842;
 21861;
 21917; 21917; 21917;
 21936; 21936;
 21977;
 22010;
 22360; 22360; 22360;
 22420; 22420;
 22561;
 22562; 22562; 22562; 22562;
 22631; 22631;
 22786;
 22801;
 22841; 22841;
 22861;
 22862;
 22877;
 22996;
 23065;
 23119; 23119; 23119; 23119; 23119;
 23239;
 23684; 23684;
 23773;
 23844; 23844; 23844; 23844; 23844;
 23928;
 24094; 24094; 24094; 24094;
 24429;
 24520; 24520; 24520;
 24685; 24685;
 24976; 24976; 24976; 24976; 24976;
 25001; 25001; 25001;
 25086; 25086;
 25147;
 25182;
 25287; 25287;
 25330;
 25388;
 25464; 25464;
 25512;
 25659; 25659; 25659;
 25669; 25669;
 25697;
 25855;
 25921; 25921;
 26026;
 26057; 26057; 26057; 26057;
 26195;
 26492; 26492;
 26950;
 26973;
 27035;
 27105;
 27167; 27167; 27167;
 27261;
 27337; 27337; 27337;
 27695; 27695;
 27724;
 27782;
 27813;
 27846; 27846; 27846;
 27870;
 27887; 27887; 27887;
 28005;
 28025; 28025; 28025; 28025; 28025;
 28077; 28077;
 28299;
 28457; 28457;
 28475; 28475; 28475; 28475;
 28564;
 28780; 28780;
 28848;
 28934; 28934; 28934;
 29130; 29130;
 29338;
 29428; 29428; 29428;
 29456; 29456; 29456;
 29476;
 29538; 29538; 29538; 29538; 29538;
 29722; 29722; 29722;
 29727;
 29881; 29881; 29881; 29881;
 29893; 29893;
 29926; 29926; 29926;
 30171;
 30261;
 30725; 30725;
 30893;
 30914; 30914;
 31084; 31084; 31084; 31084;
 31291; 31291;
 31358;
 31519;
 31524;
 31585; 31585; 31585;
 31661;
 31696;
 31701;
 31744;
 31811; 31811;
 32019;
 32269; 32269;
 32362;
 32818;
 32889;
 33104; 33104;
 33318;
 33464;
 33617;
 33659; 33659; 33659; 33659;
 33840; 33840; 33840; 33840;
 33941;
 34020;
 34123; 34123;
 34216;
 34416; 34416; 34416;
 34485; 34485;
 34560; 34560;
 34721;
 34815;
 34987;
 35086;
 35268; 35268; 35268; 35268;
 35337;
 35437;
 35530; 35530;
 35603;
 35919;
 36130; 36130;
 36145; 36145; 36145; 36145;
 36207; 36207;
 36325; 36325;
 36428; 36428;
 36569; 36569;
 36666;
 36722;
 36734; 36734;
 36829; 36829; 36829; 36829; 36829;
 36864;
 36951; 36951;
 36992;
 37333; 37333;
 37358;
 37455;
 37572;
 37722; 37722;
 37925;
 37932; 37932; 37932; 37932; 37932; 37932;
 37973;
 38001;
 38148; 38148;
 38229;
 38408;
 38420;
 38497;
 38521; 38521; 38521;
 38723;
 38748; 38748;
 38809;
 38898; 38898; 38898; 38898;
 38920; 38920;
 39321; 39321;
 39492; 39492;
 39613;
 39655;
 39815; 39815;
 39898; 39898; 39898; 39898; 39898; 39898;
 39918; 39918;
 39968;
 39992; 39992;
 39994; 39994; 39994;
 40021;
 40155; 40155;
 40305; 40305; 40305;
 40325;
 40362;
 40364; 40364; 40364; 40364; 40364; 40364; 40364;
 40392;
 40742; 40742;
 40957; 40957;
 41019; 41019;
 41100; 41100;
 41114;
 41146;
 41192; 41192; 41192;
 41379; 41379;
 41586;
 41687;
 41699;
 41713; 41713; 41713; 41713; 41713; 41713; 41713; 41713; 41713; 41713;
 41799; 41799; 41799; 41799;
 42077;
 42132;
 42281; 42281; 42281;
 42428; 42428; 42428; 42428; 42428; 42428; 42428;
 42456; 42456; 42456;
 42557; 42557;
 42616; 42616;
 42778;
 42884; 42884; 42884;
 42964; 42964;
 43060; 43060; 43060; 43060; 43060; 43060;
 43119;
 43234; 43234;
 43240; 43240;
 43264; 43264; 43264;
 43350; 43350;
 43428; 43428;
 43706;
 43713;
 43719; 43719;
 43803; 43803; 43803; 43803;
 43903;
 43916;
 43980; 43980; 43980; 43980; 43980;
 44231;
 44245; 44245; 44245; 44245; 44245; 44245; 44245;
 44506;
 44607;
 44615;
 44775; 44775; 44775; 44775;
 44887;
 44915; 44915; 44915; 44915;
 45024; 45024;
 45046; 45046;
 45086;
 45134;
 45338; 45338; 45338; 45338; 45338; 45338; 45338; 45338; 45338;
 45426; 45426; 45426; 45426; 45426; 45426;
 45452; 45452;
 45482;
 45631;
 45648; 45648; 45648;
 45765; 45765; 45765;
 45862; 45862;
 46015; 46015;
 46061;
 46074; 46074;
 46265; 46265;
 46341; 46341;
 46744;
 46796;
 46801;
 46956; 46956;
 47066;
 47179; 47179;
 47188; 47188; 47188;
 47201; 47201;
 47251; 47251; 47251; 47251;
 47329; 47329; 47329; 47329; 47329; 47329; 47329; 47329;
 47438; 47438; 47438; 47438;
 47574; 47574;
 47631; 47631; 47631; 47631; 47631;
 47789;
 48039;
 48093; 48093;
 48168;
 48213; 48213; 48213; 48213;
 48291;
 48467; 48467; 48467; 48467;
 48528;
 48587;
 48611;
 48788;
 48803; 48803;
 48898;
 48957; 48957;
 48990;
 49149;
 49277; 49277; 49277;
 49313;
 49391;
 49546;
 49585;
 49702; 49702; 49702;
 49928; 49928;
 50017; 50017;
 50115; 50115; 50115; 50115; 50115;
 50245; 50245;
 50592; 50592; 50592; 50592;
 50603;
 50635;
 50834;
 50861;
 50914;
 51040; 51040; 51040;
 51090; 51090;
 51340;
 51647; 51647;
 51797;
 51873;
 52017;
 52040; 52040;
 52182;
 52357; 52357; 52357; 52357;
 52377; 52377; 52377;
 52609;
 52852;
 52880; 52880;
 52893; 52893; 52893; 52893;
 52978; 52978; 52978;
 52992; 52992;
 53043; 53043;
 53173;
 53205; 53205;
 53349;
 53521; 53521; 53521; 53521; 53521; 53521; 53521; 53521; 53521;
 53524;
 53547;
 53576; 53576; 53576;
 53789;
 53977; 53977;
 53982; 53982;
 54079;
 54211; 54211; 54211;
 54250; 54250;
 54371;
 54425; 54425; 54425;
 54646; 54646; 54646; 54646;
 54648;
 54649;
 54680; 54680; 54680;
 54886; 54886;
 54895;
 54945;
 55052;
 55059;
 55092; 55092; 55092;
 55203; 55203;
 55270; 55270; 55270; 55270; 55270;
 55286; 55286;
 55523;
 55562;
 55897;
 56211;
 56246;
 56317; 56317;
 56356;
 56459;
 56501; 56501; 56501;
 56591; 56591; 56591;
 56660;
 56662;
 56843;
 56850;
 56940; 56940;
 57053;
 57085;
 57116;
 57144;
 57182;
 57250; 57250;
 57466; 57466;
 57528;
 57666;
 57771; 57771; 57771;
 57854;
 58016; 58016; 58016; 58016;
 58055;
 58584; 58584; 58584; 58584; 58584; 58584; 58584; 58584; 58584;
 58747;
 58847;
 58889; 58889;
 58913;
 59041; 59041;
 59140;
 59147;
 59152; 59152; 59152;
 59358; 59358;
 59372;
 59408;
 59479; 59479;
 59703; 59703;
 59709; 59709;
 59730;
 59937; 59937; 59937; 59937; 59937;
 59939;
 59966;
 60098;
 60244;
 60364; 60364; 60364; 60364;
 60372; 60372; 60372;
 60386; 60386;
 60530;
 60671; 60671; 60671; 60671;
 60846;
 60902;
 60986; 60986;
 60999;
 61056;
 61162; 61162;
 61163;
 61366;
 61383; 61383;
 61389;
 61578; 61578;
 61745;
 61756; 61756; 61756; 61756; 61756;
 62065;
 62082; 62082; 62082;
 62308; 62308; 62308; 62308; 62308; 62308; 62308; 62308;
 62661;
 62975; 62975;
 62995; 62995; 62995; 62995;
 63046;
 63120; 63120;
 63280;
 63344; 63344;
 63438; 63438; 63438;
 63451;
 63553; 63553; 63553;
 63591; 63591;
 63603; 63603;
 63724; 63724; 63724; 63724;
 63811;
 63928;
 63944;
 63958;
 64029; 64029; 64029;
 64087; 64087;
 64168; 64168; 64168;
 64173; 64173; 64173; 64173; 64173;
 64318;
 64443; 64443;
 64831; 64831;
 65047;
 65257;
 65342;
 65362;
 65442;
 65513; 65513;
 65728; 65728; 65728; 65728;
 65893; 65893; 65893;
 65928;
 65967; 65967;
 66077;
 66196; 66196;
 66374;
 66452;
 66608; 66608;
 66627;
 66747;
 66985; 66985;
 67370;
 67510; 67510; 67510;
 67661;
 67688; 67688; 67688;
 67754; 67754;
 67783;
 67885;
 67995; 67995;
 68138;
 68156; 68156; 68156;
 68178;
 68182; 68182; 68182; 68182;
 68199; 68199;
 68537;
 68565; 68565; 68565;
 69023;
 69082; 69082;
 69184;
 69313;
 69527; 69527;
 69596;
 69680;
 69716;
 69787; 69787; 69787;
 69829;
 69837;
 70060;
 70137;
 70160; 70160;
 70211;
 70216; 70216;
 70331; 70331; 70331;
 70363; 70363;
 70378; 70378;
 70379; 70379; 70379;
 70397;
 70484;
 70630; 70630; 70630; 70630;
 70783;
 70941; 70941;
 71021;
 71059; 71059;
 71065;
 71122;
 71164; 71164; 71164; 71164;
 71194;
 71254; 71254;
 71515;
 71697;
 71745;
 71849; 71849;
 71967;
 71993;
 72118;
 72236;
 72289;
 72414; 72414;
 72424;
 72503; 72503;
 72602; 72602;
 72627; 72627; 72627; 72627; 72627;
 72709; 72709; 72709;
 72733;
 72877;
 73020;
 73214; 73214; 73214;
 73467;
 73480;
 73521; 73521;
 73573; 73573; 73573; 73573; 73573;
 73778;
 73956; 73956;
 74097;
 74192; 74192;
 74216; 74216; 74216;
 74338; 74338; 74338; 74338; 74338; 74338;
 74421;
 74486; 74486; 74486;
 74488; 74488; 74488; 74488;
 74492; 74492; 74492; 74492;
 74622;
 74834;
 75043; 75043;
 75145; 75145; 75145; 75145;
 75188;
 75370;
 75447;
 75486; 75486; 75486;
 75511;
 75633;
 75642;
 75646;
 75821;
 75913;
 75960;
 76131;
 76254; 76254;
 76308; 76308; 76308; 76308; 76308; 76308;
 76315;
 76416;
 76424;
 76466; 76466;
 76482;
 76579; 76579;
 76592;
 76860;
 76878; 76878; 76878;
 76958; 76958; 76958; 76958; 76958;
 77088; 77088;
 77140; 77140; 77140;
 77155; 77155;
 77251;
 77476;
 77592; 77592; 77592;
 77614; 77614; 77614; 77614;
 77877; 77877; 77877; 77877;
 77907;
 78173;
 78208;
 78256;
 78274; 78274; 78274; 78274;
 78304; 78304;
 78423;
 78431;
 78594; 78594; 78594;
 78629;
 78630;
 78672;
 78728;
 78788;
 78842;
 78845; 78845; 78845;
 78924; 78924;
 78963; 78963; 78963; 78963;
 78967; 78967;
 79024; 79024; 79024; 79024; 79024; 79024; 79024;
 79134;
 79153;
 79158;
 79243;
 79297;
 79328;
 79392;
 79399; 79399;
 79501; 79501; 79501;
 79623; 79623;
 79627; 79627; 79627; 79627; 79627;
 79678;
 79700;
 79759;
 79804;
 79898; 79898; 79898;
 80137;
 80155; 80155;
 80160; 80160;
 80164; 80164;
 80255; 80255;
 80258;
 80526; 80526; 80526; 80526; 80526; 80526;
 80615; 80615;
 80684;
 80725;
 80843; 80843; 80843;
 80893;
 81231;
 81411;
 81571;
 81612; 81612;
 81760;
 81800;
 82024; 82024;
 82097;
 82290;
 82332; 82332; 82332; 82332; 82332;
 82564; 82564; 82564;
 82746; 82746;
 83093;
 83114; 83114; 83114; 83114;
 83134;
 83168;
 83301; 83301; 83301;
 83396;
 83479; 83479; 83479;
 83534;
 84349;
 84411; 84411;
 84489;
 84501; 84501; 84501;
 84588;
 84746; 84746; 84746;
 84750; 84750;
 84959; 84959; 84959;
 85051; 85051;
 85233; 85233; 85233; 85233; 85233; 85233;
 85267; 85267;
 85429;
 85436; 85436;
 85438;
 85444;
 85563;
 85595;
 85644;
 85688;
 85751; 85751; 85751; 85751;
 86086;
 86355;
 86588; 86588; 86588;
 86645; 86645; 86645;
 86951;
 87033; 87033;
 87082;
 87205;
 87245;
 87286;
 87334; 87334; 87334; 87334;
 87654;
 87752;
 87902; 87902;
 87981;
 88243; 88243; 88243;
 88402; 88402;
 88403; 88403;
 88413; 88413;
 88583; 88583;
 88647;
 88784;
 88834; 88834;
 88850;
 88928; 88928; 88928;
 88929; 88929;
 88939;
 89116; 89116;
 89191; 89191; 89191;
 89244;
 89441;
 89451; 89451; 89451; 89451; 89451; 89451; 89451;
 89482; 89482; 89482; 89482;
 89488;
 89535; 89535;
 89667; 89667;
 89792;
 89831;
 90084; 90084;
 90256;
 90399; 90399;
 90416; 90416; 90416; 90416; 90416; 90416; 90416;
 90443; 90443; 90443; 90443; 90443;
 90518;
 90535; 90535; 90535;
 90592; 90592;
 90626; 90626; 90626; 90626; 90626; 90626;
 90762; 90762; 90762;
 90858; 90858; 90858;
 91159;
 91239;
 91240;
 91266;
 91435; 91435; 91435;
 91493;
 91542; 91542;
 91564;
 91578; 91578;
 91627;
 91815; 91815;
 92021; 92021; 92021; 92021; 92021; 92021;
 92159;
 92219; 92219;
 92472;
 92595; 92595; 92595; 92595;
 92684; 92684;
 92731; 92731; 92731;
 92770; 92770;
 92896; 92896;
 92959;
 93041;
 93062;
 93071; 93071;
 93075;
 93080; 93080; 93080;
 93292; 93292; 93292; 93292; 93292;
 93323;
 93330;
 93365;
 93487; 93487; 93487; 93487;
 93532; 93532; 93532;
 93564; 93564;
 93606; 93606; 93606;
 93636;
 93761;
 93812; 93812; 93812;
 93986; 93986; 93986;
 94065;
 94175; 94175;
 94245; 94245; 94245;
 94477; 94477;
 94617; 94617; 94617;
 94774;
 94815; 94815; 94815;
 94939;
 94990;
 95104;
 95125; 95125; 95125; 95125;
 95359; 95359; 95359; 95359; 95359; 95359; 95359; 95359; 95359;
 95875; 95875;
 95905; 95905; 95905;
 95963; 95963;
 95981; 95981;
 95996;
 96221; 96221; 96221;
 96287; 96287;
 96441;
 96445;
 96507;
 96574; 96574; 96574; 96574;
 96618;
 96665; 96665;
 96750;
 96778;
 96838;
 96896; 96896;
 96936; 96936; 96936; 96936; 96936; 96936;
 96950; 96950; 96950;
 96965; 96965; 96965;
 97074; 97074;
 97169; 97169; 97169; 97169; 97169; 97169; 97169; 97169; 97169;
 97210; 97210;
 97215; 97215;
 97347; 97347;
 97517; 97517;
 97612;
 97628; 97628; 97628; 97628; 97628;
 97733;
 97815;
 98015; 98015;
 98320; 98320; 98320; 98320;
 98392; 98392; 98392; 98392;
 98398; 98398; 98398; 98398;
 98428;
 98429; 98429; 98429;
 98481; 98481;
 98670;
 98751; 98751; 98751; 98751; 98751;
 98880;
 99095; 99095; 99095;
 99269; 99269; 99269;
 99382; 99382;
 99391; 99391;
 99527; 99527; 99527; 99527; 99527; 99527;
 99803; 99803; 99803; 99803;
+++infinity
---End of Skip List---
238 deleted
99803 deleted
