For the input file named in-5000.txt
With the RNG unseeded,
the current Skip List is shown below: 
---infinity
    11;    11;    11;
    49;
   110;
   370;   370;   370;
   413;   413;   413;   413;
   436;   436;   436;
   529;   529;   529;
   541;   541;
   554;
   561;   561;   561;   561;
   614;   614;
   632;   632;   632;   632;   632;   632;   632;
   656;   656;
   680;   680;
   706;
   932;   932;   932;
  1019;  1019;  1019;  1019;  1019;  1019;  1019;  1019;  1019;
  1045;  1045;  1045;  1045;  1045;
  1070;  1070;  1070;  1070;
  1175;  1175;
  1192;
  1527;  1527;  1527;  1527;
  1606;
  1725;  1725;  1725;
  1776;
  1836;
  1906;
  1932;
  1949;  1949;  1949;
  1957;
  1995;
  2004;
  2028;  2028;  2028;  2028;  2028;  2028;
  2202;
  2217;
  2262;  2262;  2262;  2262;
  2292;
  2356;  2356;
  2392;
  2406;
  2449;
  2555;
  2565;
  2583;  2583;
  2742;
  2850;  2850;
  3006;
  3170;
  3276;  3276;
  3291;  3291;  3291;  3291;  3291;
  3433;  3433;
  3589;  3589;  3589;
  3628;
  3631;
  3714;
  3787;
  3836;
  3884;
  4069;  4069;  4069;
  4080;
  4086;
  4351;  4351;  4351;
  4408;  4408;
  4678;  4678;  4678;
  4696;  4696;
  4765;
  4797;  4797;  4797;  4797;  4797;
  4841;  4841;  4841;
  4937;  4937;
  5081;
  5180;
  5187;  5187;  5187;  5187;
  5208;  5208;  5208;
  5229;
  5253;  5253;
  5340;  5340;  5340;  5340;
  5524;  5524;
  5616;  5616;  5616;  5616;
  5620;
  5926;
  6015;
  6068;  6068;
  6091;  6091;
  6173;  6173;  6173;
  6251;
  6300;  6300;
  6343;
  6374;
  6388;
  6420;
  6489;
  6651;  6651;  6651;  6651;  6651;
  6658;
  6729;  6729;
  6751;  6751;
  6815;
  6820;
  6883;
  6899;
  7067;
  7075;
  7084;
  7099;  7099;  7099;  7099;
  7161;
  7230;  7230;
  7539;  7539;
  7666;
  7757;
  7790;  7790;
  7829;
  7880;
  8005;
  8036;
  8066;  8066;
  8087;
  8234;
  8372;
  8413;
  8426;
  8431;  8431;  8431;  8431;  8431;  8431;
  8444;
  8465;
  8474;  8474;
  8539;  8539;  8539;
  8630;
  8686;
  8731;
  8834;  8834;
  8944;  8944;
  8999;  8999;  8999;  8999;  8999;
  9023;
  9033;  9033;
  9080;
  9182;
  9231;  9231;
  9295;
  9381;  9381;
  9450;
  9451;  9451;
  9504;
  9555;
  9575;
  9584;  9584;
 10047;
 10089;
 10106; 10106;
 10186;
 10301; 10301; 10301; 10301; 10301;
 10327; 10327; 10327;
 10337;
 10425; 10425;
 10540; 10540;
 10569; 10569; 10569;
 10802;
 10805;
 10823;
 10858; 10858;
 10891;
 10913; 10913;
 10955;
 10970; 10970;
 11089;
 11248; 11248; 11248;
 11349; 11349; 11349; 11349; 11349; 11349; 11349;
 11418; 11418; 11418; 11418; 11418;
 11497;
 11541;
 11556; 11556; 11556;
 11575; 11575; 11575; 11575; 11575;
 11661;
 11704; 11704; 11704;
 11718; 11718; 11718; 11718;
 11880; 11880; 11880;
 11960; 11960; 11960;
 12060;
 12155;
 12164;
 12180; 12180;
 12285; 12285; 12285;
 12336; 12336;
 12348;
 12359;
 12579; 12579;
 12604; 12604;
 12686; 12686;
 12719; 12719; 12719; 12719; 12719; 12719; 12719; 12719; 12719;
 12737;
 12738; 12738;
 12767; 12767;
 12880;
 12904;
 13018; 13018; 13018;
 13026; 13026;
 13058;
 13107;
 13217; 13217; 13217;
 13268;
 13296;
 13331;
 13393;
 13606;
 13667;
 13684;
 13708;
 13720; 13720;
 13735;
 13884;
 14068; 14068; 14068; 14068; 14068; 14068;
 14115; 14115; 14115; 14115;
 14126; 14126;
 14137;
 14163;
 14184;
 14353; 14353; 14353; 14353; 14353;
 14358;
 14589;
 14692; 14692;
 14723;
 14740;
 14838; 14838;
 14887; 14887;
 14922; 14922; 14922;
 14949;
 15071; 15071; 15071;
 15101;
 15203;
 15222;
 15294; 15294;
 15300; 15300;
 15320; 15320; 15320; 15320; 15320;
 15367;
 15393;
 15437;
 15630;
 15674; 15674; 15674;
 15808; 15808;
 15855;
 15864;
 15871; 15871; 15871;
 15913;
 15973; 15973; 15973; 15973; 15973; 15973;
 15979;
 16063; 16063; 16063;
 16069; 16069; 16069; 16069;
 16102; 16102; 16102; 16102;
 16159; 16159;
 16179; 16179; 16179; 16179;
 16230; 16230; 16230;
 16305; 16305;
 16343; 16343;
 16353; 16353;
 16354;
 16400;
 16455;
 16497;
 16503; 16503;
 16595;
 16650; 16650;
 16675;
 16683;
 16700;
 16721;
 16906; 16906;
 16937; 16937;
 17090;
 17116;
 17138;
 17200;
 17216; 17216;
 17234; 17234;
 17265; 17265; 17265; 17265; 17265;
 17275;
 17364;
 17492;
 17591;
 17649; 17649; 17649; 17649; 17649;
 17672;
 17734; 17734;
 17759; 17759; 17759;
 17798;
 17816; 17816; 17816;
 17963;
 18022;
 18074; 18074; 18074;
 18077;
 18098;
 18118;
 18155; 18155;
 18235;
 18263;
 18279;
 18418;
 18433; 18433;
 18475;
 18518;
 18542;
 18548;
 18611; 18611; 18611; 18611;
 18748; 18748;
 18825; 18825; 18825; 18825;
 18927; 18927; 18927;
 19118;
 19189;
 19191; 19191; 19191; 19191;
 19273;
 19407; 19407;
 19530; 19530; 19530; 19530;
 19660;
 19736;
 19871; 19871;
 19893; 19893;
 20065;
 20141; 20141; 20141; 20141; 20141; 20141; 20141;
 20153; 20153;
 20183;
 20221; 20221; 20221;
 20349; 20349; 20349;
 20377;
 20421; 20421;
 20510; 20510;
 20919; 20919;
 20979;
 20989;
 21060;
 21134;
 21144; 21144; 21144;
 21146;
 21246;
 21279; 21279;
 21298; 21298; 21298;
 21364; 21364; 21364;
 21402; 21402;
 21508;
 21558; 21558; 21558;
 21812;
 21959; 21959;
 22028;
 22029; 22029; 22029;
 22090; 22090; 22090;
 22110; 22110; 22110; 22110; 22110; 22110;
 22121;
 22133; 22133;
 22268; 22268; 22268;
 22275; 22275; 22275; 22275;
 22324; 22324; 22324; 22324; 22324; 22324; 22324; 22324; 22324; 22324; 22324;
 22330; 22330;
 22396; 22396; 22396;
 22435;
 22460;
 22533;
 22570;
 22708;
 22879;
 22945; 22945; 22945;
 22962;
 23107;
 23222; 23222; 23222; 23222; 23222; 23222; 23222; 23222;
 23226;
 23343;
 23364;
 23496; 23496; 23496; 23496;
 23507; 23507; 23507;
 23543;
 23571; 23571; 23571; 23571; 23571; 23571;
 23577; 23577;
 23584; 23584;
 23588; 23588;
 23606;
 23678;
 23789;
 23885;
 23923;
 23937;
 23980; 23980;
 23993; 23993; 23993; 23993;
 24084; 24084;
 24098; 24098; 24098;
 24101; 24101;
 24167;
 24318; 24318; 24318; 24318; 24318; 24318; 24318;
 24345; 24345;
 24371; 24371;
 24395; 24395;
 24651;
 24808;
 24942; 24942; 24942; 24942; 24942; 24942;
 24989; 24989;
 25004;
 25039; 25039;
 25058;
 25211; 25211;
 25239;
 25303; 25303; 25303;
 25471;
 25530;
 25622;
 25636; 25636;
 25641; 25641; 25641; 25641;
 25679;
 25763; 25763; 25763;
 25835;
 25847;
 25854;
 26035;
 26040; 26040; 26040;
 26171; 26171;
 26267; 26267;
 26400; 26400; 26400;
 26457;
 26474;
 26497; 26497;
 26563;
 26594; 26594; 26594; 26594; 26594;
 26690; 26690;
 26693; 26693;
 26831; 26831; 26831;
 26837; 26837;
 26845; 26845;
 26954;
 27030; 27030; 27030;
 27032;
 27097; 27097;
 27125;
 27217;
 27243;
 27440;
 27472; 27472;
 27774; 27774; 27774; 27774;
 27806; 27806; 27806; 27806;
 27857; 27857;
 27885;
 28148; 28148; 28148; 28148;
 28160;
 28194; 28194; 28194;
 28210; 28210;
 28476; 28476;
 28481; 28481;
 28499;
 28660; 28660;
 28745; 28745; 28745;
 28806; 28806;
 28808;
 28826; 28826; 28826;
 28919;
 28967;
 28979; 28979; 28979; 28979; 28979;
 29066; 29066; 29066;
 29090;
 29144; 29144; 29144; 29144;
 29183; 29183; 29183;
 29252; 29252;
 29291;
 29347; 29347;
 29545; 29545; 29545; 29545;
 29607;
 29620; 29620; 29620; 29620;
 29630;
 29729;
 29987; 29987;
 30042;
 30044;
 30057;
 30161;
 30247; 30247;
 30260;
 30624;
 30762;
 30832; 30832;
 30861; 30861;
 31232;
 31244;
 31319; 31319; 31319; 31319;
 31441;
 31467;
 31495; 31495; 31495;
 31573;
 31606;
 31814;
 31825;
 31844; 31844; 31844;
 31871; 31871; 31871;
 31962; 31962;
 32047; 32047; 32047; 32047;
 32092; 32092;
 32193; 32193;
 32278; 32278; 32278; 32278;
 32324; 32324; 32324;
 32347; 32347;
 32462; 32462;
 32466;
 32509;
 32540;
 32747; 32747;
 32769;
 32810; 32810; 32810; 32810;
 32942; 32942; 32942;
 32968;
 33064;
 33075;
 33103; 33103;
 33111;
 33165;
 33201;
 33338; 33338; 33338; 33338;
 33386;
 33420;
 33473; 33473; 33473;
 33543; 33543; 33543;
 33624;
 33666; 33666; 33666;
 33744; 33744;
 33762;
 33847;
 33866;
 33885; 33885; 33885;
 33976; 33976; 33976;
 33982; 33982;
 33997; 33997;
 34165; 34165; 34165;
 34198; 34198; 34198;
 34246;
 34450; 34450; 34450; 34450;
 34571; 34571;
 34680;
 34720;
 34763;
 34845; 34845; 34845; 34845;
 34879;
 34922; 34922; 34922;
 34927;
 35033; 35033; 35033; 35033;
 35076; 35076;
 35123; 35123; 35123;
 35132; 35132;
 35208;
 35334;
 35354; 35354; 35354;
 35358; 35358; 35358; 35358;
 35429;
 35509;
 35515; 35515; 35515; 35515; 35515; 35515; 35515; 35515; 35515;
 35587; 35587;
 35623;
 35639; 35639; 35639; 35639; 35639; 35639;
 35668; 35668;
 35920;
 35927;
 36026; 36026;
 36066;
 36073; 36073;
 36141;
 36283; 36283; 36283; 36283; 36283; 36283;
 36369; 36369; 36369; 36369; 36369;
 36462; 36462; 36462;
 36599; 36599;
 36617;
 36676; 36676; 36676; 36676;
 36980;
 37014;
 37028; 37028;
 37057; 37057; 37057; 37057;
 37336;
 37414; 37414;
 37515;
 37627;
 37637; 37637;
 37780;
 37863;
 37880;
 38022;
 38040;
 38068;
 38088;
 38091; 38091; 38091; 38091;
 38110; 38110;
 38183;
 38257; 38257;
 38330; 38330;
 38338; 38338; 38338; 38338; 38338;
 38356; 38356; 38356; 38356;
 38514;
 38517;
 38582; 38582; 38582;
 38612;
 38792; 38792;
 38837;
 38951;
 38981;
 39151;
 39216; 39216;
 39243; 39243;
 39601;
 39620;
 39725; 39725;
 39857; 39857;
 39861;
 39872;
 39884; 39884;
 39946; 39946; 39946; 39946;
 39993;
 40013;
 40016; 40016;
 40067;
 40113;
 40115; 40115;
 40145; 40145; 40145;
 40268; 40268;
 40464; 40464;
 40477;
 40665; 40665;
 40715; 40715;
 40740; 40740; 40740;
 40743; 40743;
 40768;
 41059;
 41231; 41231;
 41235; 41235;
 41335; 41335;
 41355; 41355;
 41493; 41493; 41493;
 41530;
 41535; 41535;
 41581; 41581; 41581;
 41671;
 41714;
 41769; 41769;
 41817;
 41819;
 41856; 41856; 41856; 41856; 41856; 41856; 41856; 41856;
 41896;
 41950; 41950; 41950;
 42060;
 42091; 42091; 42091;
 42206; 42206; 42206;
 42216;
 42265;
 42308;
 42339; 42339;
 42504;
 42727; 42727;
 42752;
 42822;
 42840; 42840;
 42985;
 43010;
 43260; 43260; 43260;
 43466;
 43526; 43526; 43526;
 43646; 43646;
 43752;
 43786;
 43864; 43864;
 43876; 43876; 43876;
 43921;
 44146;
 44156;
 44157; 44157;
 44184; 44184;
 44215;
 44224; 44224; 44224; 44224;
 44281; 44281; 44281; 44281; 44281; 44281; 44281; 44281; 44281; 44281;
 44289; 44289;
 44297; 44297;
 44307; 44307;
 44328; 44328; 44328;
 44486; 44486; 44486;
 44570; 44570;
 44580; 44580;
 44597;
 44731;
 44733; 44733;
 44854;
 44923;
 44940; 44940;
 44947;
 44970; 44970; 44970; 44970;
 45048;
 45074; 45074; 45074;
 45081; 45081; 45081;
 45109; 45109; 45109;
 45399; 45399; 45399; 45399;
 45720;
 45733;
 45793; 45793; 45793; 45793;
 45954;
 45975; 45975; 45975;
 46037;
 46050;
 46133; 46133;
 46164; 46164; 46164; 46164;
 46328;
 46343;
 46347;
 46387; 46387; 46387; 46387;
 46402;
 46419;
 46541;
 46914;
 46960;
 46994;
 47111;
 47153;
 47161; 47161;
 47213; 47213;
 47272; 47272; 47272; 47272; 47272; 47272; 47272; 47272; 47272;
 47293;
 47345;
 47353;
 47407; 47407; 47407; 47407; 47407;
 47472;
 47493;
 47614;
 47616; 47616;
 47654; 47654; 47654;
 47866; 47866; 47866;
 47929; 47929;
 48070; 48070; 48070; 48070;
 48229; 48229;
 48283;
 48294; 48294;
 48334; 48334; 48334;
 48380; 48380;
 48472;
 48699; 48699;
 48822;
 48896; 48896;
 48973;
 49030;
 49093; 49093;
 49094; 49094;
 49121; 49121;
 49169;
 49231;
 49239; 49239; 49239; 49239; 49239; 49239;
 49275; 49275;
 49402;
 49613; 49613;
 49758; 49758; 49758; 49758; 49758; 49758; 49758;
 49884; 49884;
 49994; 49994;
 50027; 50027; 50027;
 50070;
 50235; 50235; 50235;
 50287; 50287;
 50526; 50526;
 50557;
 50564;
 50618; 50618;
 50659;
 50737;
 50858; 50858;
 50913; 50913; 50913; 50913; 50913;
 50928;
 51052;
 51156;
 51380;
 51381; 51381; 51381; 51381; 51381;
 51401;
 51504; 51504;
 51530; 51530;
 51547;
 51612;
 51669; 51669;
 51685; 51685;
 51697;
 51702; 51702;
 52058; 52058;
 52071; 52071; 52071; 52071; 52071;
 52334;
 52345; 52345; 52345; 52345;
 52380; 52380; 52380;
 52562; 52562;
 52651;
 52722;
 52857; 52857;
 52904;
 53036;
 53048; 53048;
 53064;
 53114;
 53226;
 53251;
 53267; 53267;
 53304; 53304; 53304; 53304; 53304; 53304; 53304;
 53321; 53321; 53321; 53321; 53321; 53321;
 53333; 53333;
 53479;
 53505;
 53554; 53554; 53554; 53554;
 53562;
 53647;
 53660;
 53681;
 53722; 53722;
 53781;
 53902; 53902; 53902; 53902;
 53933;
 54047;
 54162; 54162;
 54185; 54185; 54185;
 54203;
 54628;
 54762;
 54985; 54985; 54985; 54985; 54985; 54985;
 55037;
 55051;
 55061;
 55301;
 55307; 55307; 55307; 55307; 55307;
 55418;
 55428;
 55534;
 55539;
 55735;
 55794; 55794;
 55804;
 55933; 55933;
 55979;
 56050;
 56090;
 56103; 56103;
 56149; 56149; 56149; 56149; 56149;
 56289;
 56298;
 56532;
 56626; 56626;
 56722; 56722;
 56737;
 56825; 56825; 56825; 56825;
 56878; 56878;
 56915; 56915; 56915; 56915;
 56929;
 56955;
 56991;
 56998;
 57055;
 57149; 57149;
 57153;
 57209;
 57250; 57250; 57250;
 57327; 57327; 57327;
 57672; 57672;
 57709; 57709; 57709;
 57777; 57777;
 57797; 57797;
 57865;
 57882; 57882; 57882;
 57983; 57983; 57983; 57983;
 57987; 57987; 57987;
 58094;
 58155; 58155; 58155; 58155;
 58338; 58338;
 58377;
 58437; 58437;
 58470;
 58496;
 58647; 58647; 58647;
 58684;
 58728;
 58831; 58831; 58831;
 58852; 58852;
 58865; 58865;
 58989;
 59100;
 59256; 59256; 59256;
 59294; 59294;
 59449; 59449;
 59685; 59685;
 59787; 59787;
 59888;
 60004;
 60075; 60075;
 60134; 60134;
 60142; 60142; 60142; 60142; 60142; 60142;
 60228; 60228; 60228; 60228;
 60234; 60234; 60234; 60234;
 60364; 60364; 60364; 60364; 60364; 60364; 60364; 60364; 60364;
 60434;
 60476;
 60704; 60704; 60704; 60704; 60704;
 60725;
 60748;
 60749; 60749;
 60769; 60769; 60769;
 60771; 60771;
 60817;
 60859; 60859; 60859; 60859; 60859;
 60863; 60863; 60863;
 60884;
 61016; 61016; 61016;
 61076; 61076;
 61168; 61168;
 61171; 61171; 61171; 61171; 61171;
 61208; 61208; 61208; 61208; 61208; 61208; 61208; 61208; 61208;
 61240;
 61273;
 61289;
 61331; 61331;
 61374; 61374;
 61397; 61397;
 61438;
 61497; 61497; 61497;
 61756;
 61761;
 61844;
 61933;
 62023; 62023; 62023; 62023;
 62144;
 62161;
 62183;
 62228; 62228; 62228;
 62294; 62294;
 62312; 62312; 62312;
 62474; 62474;
 62498;
 62579;
 62737; 62737;
 62803; 62803;
 62804; 62804; 62804;
 62921;
 62937; 62937;
 62969;
 63184;
 63224;
 63314;
 63360;
 63485;
 63628; 63628;
 63763; 63763;
 64017; 64017;
 64199;
 64244; 64244; 64244;
 64270; 64270;
 64481;
 64497;
 64508;
 64638;
 64643; 64643; 64643; 64643;
 64855; 64855;
 64914; 64914;
 64994;
 65191; 65191; 65191;
 65492;
 65573; 65573;
 65575;
 65618;
 65629;
 65656;
 65856; 65856;
 66024; 66024; 66024;
 66090; 66090;
 66121;
 66223;
 66264;
 66326; 66326; 66326; 66326; 66326;
 66372; 66372; 66372;
 66506;
 66777; 66777;
 66851; 66851; 66851; 66851;
 67301;
 67424;
 67452; 67452; 67452; 67452;
 67564;
 67617;
 67766; 67766; 67766;
 67787; 67787;
 67944;
 67998; 67998; 67998; 67998; 67998; 67998; 67998;
 68192;
 68317; 68317;
 68326;
 68371;
 68444;
 68629;
 68647; 68647; 68647;
 68704; 68704;
 68735;
 68972; 68972; 68972;
 68975;
 68986; 68986; 68986; 68986;
 69041; 69041;
 69056; 69056; 69056;
 69072;
 69098;
 69116;
 69182; 69182;
 69262;
 69299;
 69301;
 69334;
 69384; 69384;
 69509; 69509; 69509; 69509; 69509;
 69704; 69704;
 69745;
 69775;
 69936;
 69987; 69987;
+++infinity
---End of Skip List---
1932 deleted
38068 deleted
57149 deleted
58647 deleted
27032 deleted
47272 deleted
16675 deleted
35639 deleted
11960 deleted
15071 deleted
27030 deleted
the current Skip List is shown below: 
---infinity
    11;    11;    11;
    12;    12;
    49;
    52;    52;    52;    52;
    77;    77;
    81;
    86;
   110;
   134;
   154;
   182;
   196;   196;   196;
   229;   229;
   231;   231;   231;   231;
   248;
   278;   278;
   280;   280;
   285;
   294;   294;
   300;   300;
   320;
   322;   322;   322;   322;   322;
   369;   369;
   370;   370;   370;
   379;   379;   379;
   392;
   395;
   413;   413;   413;   413;
   418;   418;   418;
   436;   436;   436;
   475;   475;   475;
   499;
   529;   529;   529;
   541;   541;
   545;   545;   545;
   546;   546;   546;
   552;
   554;
   561;   561;   561;   561;
   562;   562;   562;   562;   562;
   571;   571;
   583;   583;   583;   583;
   602;   602;   602;   602;
   614;   614;
   616;   616;   616;   616;   616;
   619;
   632;   632;   632;   632;   632;   632;   632;
   640;   640;
   654;
   656;   656;
   659;   659;
   663;   663;
   679;
   680;   680;
   706;
   716;   716;
   759;
   765;
   783;
   908;   908;   908;
   909;
   926;
   932;   932;   932;
   945;   945;   945;
   981;
   992;   992;
  1019;  1019;  1019;  1019;  1019;  1019;  1019;  1019;  1019;
  1021;  1021;  1021;  1021;
  1045;  1045;  1045;  1045;  1045;
  1064;  1064;  1064;
  1070;  1070;  1070;  1070;
  1126;  1126;  1126;
  1131;
  1137;  1137;  1137;
  1153;  1153;  1153;  1153;  1153;
  1175;  1175;
  1178;  1178;
  1179;
  1183;
  1192;
  1230;
  1232;  1232;  1232;  1232;
  1242;
  1283;  1283;
  1299;  1299;  1299;
  1311;
  1318;  1318;  1318;
  1330;  1330;  1330;  1330;
  1346;
  1375;  1375;
  1383;  1383;  1383;  1383;  1383;  1383;  1383;
  1391;
  1414;
  1452;
  1478;
  1483;
  1487;
  1527;  1527;  1527;  1527;
  1551;
  1571;
  1574;
  1587;  1587;
  1606;
  1630;
  1642;
  1644;
  1658;  1658;  1658;  1658;
  1660;  1660;
  1698;
  1707;
  1725;  1725;  1725;
  1730;  1730;
  1742;
  1759;
  1776;
  1796;
  1802;  1802;  1802;
  1831;
  1836;
  1847;  1847;  1847;
  1851;
  1854;  1854;  1854;
  1881;
  1883;
  1900;
  1902;  1902;  1902;
  1906;
  1927;  1927;
  1931;  1931;  1931;
  1933;  1933;  1933;
  1937;
  1949;  1949;  1949;
  1953;
  1957;
  1959;
  1980;
  1991;  1991;
  1995;
  1997;  1997;  1997;  1997;  1997;
  1998;  1998;
  2004;
  2028;  2028;  2028;  2028;  2028;  2028;
  2110;
  2129;  2129;  2129;
  2156;
  2193;
  2198;
  2202;
  2210;
  2217;
  2225;  2225;  2225;
  2226;
  2246;
  2262;  2262;  2262;  2262;
  2274;
  2282;
  2292;
  2305;  2305;  2305;
  2315;  2315;  2315;
  2344;  2344;  2344;
  2356;  2356;
  2380;  2380;  2380;  2380;  2380;
  2392;
  2393;  2393;  2393;  2393;
  2406;
  2420;  2420;  2420;
  2421;  2421;
  2422;  2422;
  2429;
  2445;
  2449;
  2455;
  2540;
  2555;
  2565;
  2569;
  2583;  2583;
  2584;  2584;  2584;
  2614;
  2615;  2615;  2615;  2615;
  2618;  2618;  2618;  2618;  2618;
  2630;  2630;
  2654;
  2674;  2674;  2674;  2674;
  2681;  2681;
  2730;
  2740;  2740;  2740;
  2742;
  2765;  2765;
  2769;  2769;  2769;
  2779;
  2788;  2788;
  2798;  2798;
  2802;  2802;  2802;  2802;
  2850;  2850;
  2857;
  2901;  2901;  2901;  2901;
  2909;  2909;
  2920;  2920;  2920;  2920;
  2931;
  2948;  2948;  2948;  2948;  2948;  2948;  2948;
  2950;  2950;
  2983;
  3006;
  3031;  3031;
  3048;  3048;
  3070;
  3085;
  3092;  3092;  3092;
  3105;  3105;  3105;  3105;  3105;  3105;
  3128;
  3149;  3149;  3149;
  3150;
  3170;
  3188;
  3197;
  3211;
  3226;
  3228;  3228;  3228;  3228;  3228;  3228;
  3252;
  3256;
  3276;  3276;
  3277;  3277;  3277;  3277;  3277;  3277;
  3280;
  3291;  3291;  3291;  3291;  3291;
  3293;  3293;
  3330;
  3335;  3335;
  3351;  3351;
  3378;
  3394;  3394;  3394;  3394;  3394;  3394;  3394;
  3397;  3397;  3397;  3397;
  3407;
  3428;
  3433;  3433;
  3450;  3450;  3450;
  3472;
  3481;  3481;
  3499;
  3516;  3516;
  3521;
  3539;  3539;  3539;  3539;  3539;  3539;
  3543;
  3548;
  3550;
  3578;  3578;  3578;  3578;
  3589;  3589;  3589;
  3602;
  3628;
  3631;
  3673;
  3677;  3677;  3677;  3677;  3677;
  3680;  3680;
  3683;  3683;  3683;  3683;  3683;  3683;
  3684;  3684;
  3692;
  3704;  3704;  3704;  3704;  3704;  3704;  3704;
  3714;
  3715;
  3721;  3721;
  3735;  3735;  3735;  3735;  3735;
  3741;
  3758;  3758;
  3782;
  3787;
  3789;  3789;  3789;
  3809;
  3814;  3814;
  3821;  3821;
  3824;
  3836;
  3844;  3844;
  3845;  3845;  3845;
  3847;
  3884;
  3898;  3898;  3898;  3898;
  3918;
  3938;
  3943;  3943;
  3950;
  3971;
  3995;  3995;
  4013;
  4069;  4069;  4069;
  4080;
  4086;
  4124;  4124;
  4125;
  4152;
  4159;  4159;
  4173;
  4244;
  4248;  4248;
  4272;
  4277;
  4303;
  4316;  4316;  4316;  4316;  4316;
  4325;
  4330;  4330;
  4336;
  4351;  4351;  4351;
  4379;  4379;  4379;
  4408;  4408;
  4409;  4409;  4409;
  4460;
  4477;
  4485;  4485;  4485;  4485;
  4486;  4486;  4486;  4486;
  4488;  4488;  4488;  4488;
  4494;  4494;
  4502;  4502;  4502;
  4517;
  4519;  4519;  4519;  4519;  4519;  4519;  4519;
  4525;  4525;
  4536;  4536;  4536;
  4547;  4547;
  4584;  4584;
  4592;  4592;
  4627;
  4632;
  4636;  4636;
  4640;  4640;
  4655;  4655;
  4678;  4678;  4678;
  4696;  4696;
  4716;
  4765;
  4768;  4768;  4768;  4768;  4768;
  4770;  4770;
  4788;
  4797;  4797;  4797;  4797;  4797;
  4816;
  4818;
  4841;  4841;  4841;
  4845;  4845;  4845;
  4873;
  4878;  4878;
  4888;  4888;  4888;
  4889;  4889;  4889;  4889;
  4900;
  4924;  4924;  4924;
  4933;  4933;  4933;  4933;  4933;  4933;  4933;
  4937;  4937;
  4940;
  4970;  4970;  4970;
  5005;  5005;  5005;
  5062;
  5070;
  5081;
  5098;  5098;  5098;
  5099;  5099;  5099;  5099;  5099;
  5125;
  5126;  5126;
  5136;  5136;  5136;
  5180;
  5183;  5183;  5183;
  5187;  5187;  5187;  5187;
  5201;  5201;
  5208;  5208;  5208;
  5229;
  5253;  5253;
  5259;
  5297;  5297;  5297;  5297;
  5321;  5321;
  5340;  5340;  5340;  5340;
  5393;  5393;
  5394;
  5415;  5415;  5415;  5415;
  5448;
  5491;  5491;
  5497;
  5524;  5524;
  5552;  5552;
  5554;
  5557;  5557;
  5561;
  5575;  5575;  5575;  5575;
  5581;  5581;
  5598;
  5611;  5611;
  5616;  5616;  5616;  5616;
  5617;
  5620;
  5629;
  5683;
  5688;  5688;
  5689;
  5752;
  5753;  5753;  5753;  5753;
  5760;  5760;  5760;  5760;
  5766;
  5792;  5792;  5792;
  5800;  5800;
  5803;  5803;
  5870;
  5926;
  5946;
  5973;
  5983;  5983;
  6002;  6002;
  6015;
  6068;  6068;
  6070;  6070;  6070;  6070;  6070;  6070;  6070;  6070;  6070;  6070;  6070;
  6073;  6073;
  6091;  6091;
  6113;
  6119;
  6129;
  6166;
  6173;  6173;  6173;
  6174;  6174;
  6195;  6195;
  6214;
  6251;
  6266;  6266;
  6267;
  6276;  6276;
  6290;
  6297;
  6299;  6299;
  6300;  6300;
  6325;
  6331;  6331;
  6343;
  6365;
  6374;
  6386;  6386;  6386;  6386;  6386;
  6388;
  6391;  6391;
  6411;  6411;
  6420;
  6422;
  6428;  6428;  6428;  6428;  6428;
  6434;
  6450;
  6484;
  6489;
  6525;  6525;  6525;
  6551;
  6560;
  6614;
  6615;
  6634;
  6651;  6651;  6651;  6651;  6651;
  6658;
  6689;  6689;  6689;  6689;
  6695;  6695;  6695;  6695;
  6720;
  6729;  6729;
  6750;  6750;
  6751;  6751;
  6761;  6761;
  6792;  6792;  6792;  6792;
  6794;  6794;  6794;
  6799;
  6812;
  6815;
  6820;
  6826;  6826;  6826;
  6863;
  6882;  6882;  6882;
  6883;
  6895;
  6899;
  6912;
  6919;  6919;
  6942;
  6946;
  6955;  6955;
  6971;  6971;  6971;  6971;
  6978;
  6984;  6984;  6984;  6984;  6984;  6984;  6984;
  6985;  6985;
  6989;
  7016;
  7038;
  7040;
  7067;
  7075;
  7084;
  7086;  7086;  7086;
  7099;  7099;  7099;  7099;
  7103;
  7124;  7124;  7124;  7124;
  7161;
  7220;
  7227;  7227;
  7230;  7230;
  7253;  7253;
  7257;
  7262;
  7264;  7264;
  7328;  7328;
  7360;
  7373;
  7378;  7378;
  7393;
  7409;
  7411;
  7431;  7431;  7431;  7431;
  7432;
  7457;
  7476;  7476;
  7494;  7494;
  7520;  7520;  7520;  7520;
  7539;  7539;
  7541;  7541;  7541;  7541;
  7546;
  7551;  7551;  7551;  7551;
  7586;
  7590;
  7634;
  7652;  7652;  7652;  7652;  7652;  7652;
  7666;
  7678;
  7704;
  7725;
  7748;  7748;  7748;
  7750;
  7757;
  7772;
  7790;  7790;
  7797;
  7799;
  7819;
  7829;
  7830;  7830;  7830;
  7838;  7838;  7838;  7838;  7838;  7838;
  7841;  7841;  7841;  7841;  7841;
  7857;
  7868;  7868;
  7880;
  7905;  7905;  7905;
  7909;  7909;
  7920;
  7925;  7925;
  7926;
  7934;
  7963;
  7978;  7978;  7978;
  7992;  7992;  7992;
  8004;
  8005;
  8010;
  8021;
  8036;
  8039;
  8061;
  8066;  8066;
  8081;  8081;  8081;  8081;  8081;
  8087;
  8105;  8105;
  8111;
  8121;
  8125;  8125;  8125;  8125;
  8140;
  8142;
  8146;
  8165;  8165;  8165;  8165;  8165;
  8167;
  8176;
  8186;
  8192;
  8202;  8202;  8202;
  8233;
  8234;
  8240;  8240;  8240;  8240;  8240;
  8246;
  8255;
  8261;  8261;  8261;
  8298;
  8348;
  8354;  8354;
  8362;
  8372;
  8397;
  8408;
  8413;
  8425;  8425;
  8426;
  8431;  8431;  8431;  8431;  8431;  8431;
  8444;
  8446;  8446;
  8449;
  8453;  8453;
  8455;  8455;  8455;  8455;
  8461;
  8465;
  8474;  8474;
  8489;  8489;
  8507;
  8539;  8539;  8539;
  8589;  8589;
  8599;
  8612;  8612;
  8629;  8629;  8629;
  8630;
  8645;
  8675;  8675;  8675;
  8678;  8678;  8678;  8678;
  8686;
  8687;
  8731;
  8751;  8751;
  8761;  8761;  8761;  8761;  8761;
  8786;
  8815;
  8828;
  8834;  8834;
  8848;
  8892;  8892;  8892;
  8912;
  8944;  8944;
  8951;  8951;  8951;
  8968;  8968;  8968;
  8997;
  8999;  8999;  8999;  8999;  8999;
  9002;
  9006;
  9023;
  9033;  9033;
  9037;  9037;
  9057;  9057;  9057;  9057;  9057;
  9080;
  9101;
  9109;  9109;
  9113;  9113;
  9136;  9136;  9136;  9136;  9136;
  9137;  9137;
  9140;  9140;
  9160;  9160;
  9170;  9170;
  9172;  9172;  9172;  9172;  9172;
  9181;
  9182;
  9231;  9231;
  9233;
  9238;
  9263;  9263;
  9284;  9284;
  9295;
  9301;  9301;  9301;
  9324;  9324;  9324;
  9325;
  9341;
  9357;
  9381;  9381;
  9389;
  9394;  9394;  9394;
  9398;
  9418;  9418;
  9441;
  9450;
  9451;  9451;
  9466;
  9490;
  9491;
  9502;
  9504;
  9553;
  9555;
  9563;  9563;  9563;  9563;
  9565;  9565;  9565;
  9575;
  9584;  9584;
  9594;
  9597;
  9646;  9646;
  9658;
  9661;
  9664;
  9673;
  9681;  9681;
  9716;
  9728;  9728;  9728;
  9762;
  9775;  9775;
  9782;
  9797;  9797;
  9805;
  9812;  9812;
  9838;  9838;  9838;
  9845;  9845;
  9866;  9866;  9866;
  9875;  9875;
  9884;
  9989;  9989;
 10001;
 10003; 10003; 10003; 10003;
 10013;
 10027; 10027;
 10044; 10044; 10044; 10044;
 10047;
 10073;
 10081; 10081;
 10089;
 10094;
 10097;
 10106; 10106;
 10134;
 10140; 10140; 10140;
 10148;
 10176;
 10177; 10177;
 10186;
 10221; 10221;
 10225; 10225; 10225; 10225;
 10229;
 10243; 10243;
 10269; 10269;
 10271;
 10275; 10275;
 10279; 10279;
 10290;
 10295; 10295;
 10301; 10301; 10301; 10301; 10301;
 10327; 10327; 10327;
 10330;
 10334; 10334;
 10337;
 10344;
 10347; 10347;
 10422; 10422;
 10425; 10425;
 10458;
 10460;
 10463;
 10501;
 10540; 10540;
 10541;
 10569; 10569; 10569;
 10579; 10579; 10579; 10579; 10579; 10579; 10579;
 10584;
 10599;
 10602; 10602;
 10606;
 10619;
 10631; 10631;
 10639;
 10650;
 10656;
 10683;
 10710;
 10715;
 10737; 10737; 10737;
 10741;
 10774;
 10780;
 10788;
 10793; 10793;
 10802;
 10805;
 10814;
 10823;
 10832;
 10842;
 10858; 10858;
 10864; 10864; 10864; 10864; 10864;
 10874;
 10891;
 10897;
 10907; 10907;
 10913; 10913;
 10920; 10920; 10920; 10920; 10920;
 10936; 10936;
 10943;
 10955;
 10957; 10957; 10957; 10957;
 10962; 10962;
 10970; 10970;
 10994; 10994; 10994;
 11006;
 11042; 11042; 11042;
 11043;
 11075;
 11080;
 11084;
 11089;
 11100;
 11115;
 11120; 11120;
 11138; 11138; 11138; 11138;
 11144;
 11184;
 11206; 11206; 11206; 11206;
 11208;
 11221; 11221; 11221;
 11248; 11248; 11248;
 11261;
 11265;
 11294; 11294;
 11321;
 11343;
 11349; 11349; 11349; 11349; 11349; 11349; 11349;
 11352;
 11362;
 11368;
 11377;
 11390;
 11405; 11405; 11405;
 11418; 11418; 11418; 11418; 11418;
 11426;
 11427;
 11472; 11472; 11472; 11472; 11472;
 11497;
 11504; 11504; 11504; 11504; 11504; 11504;
 11510; 11510; 11510;
 11511;
 11531; 11531; 11531;
 11541;
 11556; 11556; 11556;
 11575; 11575; 11575; 11575; 11575;
 11588; 11588;
 11655; 11655; 11655;
 11660; 11660; 11660;
 11661;
 11669;
 11691; 11691; 11691;
 11695; 11695; 11695;
 11704; 11704; 11704;
 11718; 11718; 11718; 11718;
 11730;
 11741; 11741; 11741;
 11748;
 11749;
 11767; 11767;
 11770;
 11771; 11771;
 11772;
 11844; 11844; 11844; 11844; 11844; 11844; 11844; 11844;
 11853; 11853;
 11854; 11854;
 11866;
 11877;
 11880; 11880; 11880;
 11891; 11891;
 11913;
 11935;
 11991; 11991;
 11997; 11997; 11997;
 12034;
 12039;
 12060;
 12061; 12061; 12061;
 12116; 12116;
 12120;
 12127;
 12130;
 12155;
 12164;
 12170;
 12180; 12180;
 12194; 12194;
 12206; 12206; 12206;
 12229;
 12254;
 12261;
 12267; 12267;
 12277; 12277;
 12285; 12285; 12285;
 12307;
 12331; 12331; 12331; 12331; 12331;
 12336; 12336;
 12347;
 12348;
 12349; 12349;
 12352; 12352; 12352; 12352; 12352;
 12359;
 12394; 12394;
 12403;
 12408;
 12413; 12413;
 12423; 12423; 12423;
 12502; 12502; 12502;
 12512; 12512;
 12529; 12529;
 12564;
 12565;
 12567; 12567; 12567;
 12572;
 12579; 12579;
 12581; 12581; 12581;
 12604; 12604;
 12615; 12615; 12615; 12615;
 12644; 12644; 12644; 12644; 12644;
 12655; 12655; 12655;
 12681;
 12686; 12686;
 12688; 12688; 12688;
 12693;
 12696;
 12704;
 12719; 12719; 12719; 12719; 12719; 12719; 12719; 12719; 12719;
 12737;
 12738; 12738;
 12760;
 12765; 12765; 12765; 12765;
 12767; 12767;
 12780;
 12806;
 12807;
 12836;
 12866;
 12880;
 12882; 12882;
 12901; 12901; 12901;
 12903; 12903;
 12904;
 12914; 12914;
 12929;
 12957; 12957;
 12960; 12960; 12960;
 12974;
 12997; 12997; 12997; 12997; 12997;
 13014;
 13015; 13015;
 13018; 13018; 13018;
 13026; 13026;
 13035; 13035;
 13058;
 13107;
 13118;
 13119;
 13127; 13127; 13127;
 13137;
 13139;
 13143; 13143; 13143; 13143; 13143; 13143;
 13158; 13158;
 13187; 13187;
 13192;
 13217; 13217; 13217;
 13220; 13220; 13220;
 13240; 13240; 13240;
 13268;
 13293;
 13296;
 13300; 13300;
 13310; 13310; 13310;
 13313;
 13331;
 13336;
 13339;
 13344; 13344;
 13351; 13351; 13351;
 13366;
 13393;
 13418;
 13421;
 13432; 13432; 13432; 13432; 13432; 13432; 13432;
 13440; 13440;
 13472;
 13519;
 13583;
 13585;
 13606;
 13625;
 13643;
 13650; 13650; 13650; 13650; 13650; 13650;
 13661; 13661;
 13667;
 13684;
 13708;
 13720; 13720;
 13723;
 13725; 13725; 13725; 13725; 13725;
 13728;
 13735;
 13756;
 13757; 13757;
 13767;
 13794;
 13815;
 13831;
 13852;
 13874;
 13884;
 13890;
 13921; 13921; 13921; 13921; 13921;
 13954; 13954;
 13999;
 14015; 14015;
 14041;
 14047;
 14068; 14068; 14068; 14068; 14068; 14068;
 14080;
 14083;
 14106; 14106; 14106;
 14115; 14115; 14115; 14115;
 14126; 14126;
 14137;
 14143;
 14145;
 14163;
 14181; 14181; 14181; 14181; 14181;
 14184;
 14229; 14229; 14229; 14229;
 14239; 14239;
 14244;
 14264; 14264;
 14271;
 14281;
 14288;
 14333; 14333;
 14348;
 14352;
 14353; 14353; 14353; 14353; 14353;
 14358;
 14430;
 14437; 14437; 14437; 14437;
 14477;
 14482; 14482; 14482;
 14531; 14531; 14531; 14531;
 14543;
 14546;
 14547; 14547; 14547;
 14589;
 14608; 14608; 14608;
 14635; 14635;
 14683;
 14692; 14692;
 14723;
 14740;
 14744;
 14752; 14752; 14752;
 14784;
 14797; 14797; 14797;
 14838; 14838;
 14863; 14863; 14863; 14863; 14863;
 14887; 14887;
 14922; 14922; 14922;
 14938; 14938; 14938;
 14942;
 14949;
 14951; 14951; 14951; 14951; 14951; 14951; 14951;
 14953;
 14954; 14954;
 14964;
 14980;
 14982;
 15000; 15000; 15000;
 15081;
 15082;
 15086; 15086; 15086;
 15087; 15087; 15087;
 15097;
 15101;
 15134; 15134;
 15144; 15144; 15144; 15144; 15144;
 15192;
 15193;
 15203;
 15217; 15217; 15217; 15217; 15217; 15217;
 15222;
 15224;
 15234; 15234; 15234; 15234; 15234;
 15246; 15246;
 15260; 15260;
 15282; 15282; 15282; 15282;
 15288;
 15289;
 15290;
 15291;
 15294; 15294;
 15300; 15300;
 15305;
 15308;
 15310;
 15317;
 15320; 15320; 15320; 15320; 15320;
 15336;
 15356;
 15363; 15363;
 15367;
 15393;
 15405; 15405;
 15414; 15414; 15414;
 15429;
 15437;
 15447; 15447; 15447; 15447; 15447;
 15449; 15449;
 15481;
 15489; 15489; 15489;
 15495; 15495; 15495; 15495;
 15497;
 15504; 15504; 15504; 15504; 15504;
 15516;
 15544; 15544; 15544;
 15578; 15578; 15578;
 15579;
 15612; 15612; 15612; 15612; 15612;
 15618;
 15630;
 15632;
 15653; 15653;
 15672;
 15674; 15674; 15674;
 15685;
 15695;
 15773; 15773;
 15775;
 15790;
 15808; 15808;
 15832;
 15848; 15848;
 15855;
 15864;
 15869; 15869; 15869; 15869; 15869;
 15871; 15871; 15871;
 15913;
 15924;
 15931; 15931; 15931;
 15973; 15973; 15973; 15973; 15973; 15973;
 15979;
 15991;
 15994; 15994; 15994; 15994;
 16009; 16009; 16009; 16009; 16009;
 16021;
 16040;
 16044; 16044;
 16048; 16048;
 16061; 16061;
 16063; 16063; 16063;
 16069; 16069; 16069; 16069;
 16089; 16089; 16089;
 16102; 16102; 16102; 16102;
 16119; 16119;
 16159; 16159;
 16179; 16179; 16179; 16179;
 16230; 16230; 16230;
 16232; 16232;
 16254;
 16256; 16256;
 16279; 16279; 16279;
 16297; 16297; 16297; 16297; 16297;
 16298;
 16305; 16305;
 16343; 16343;
 16351;
 16353; 16353;
 16354;
 16358;
 16382;
 16400;
 16411; 16411;
 16413; 16413; 16413;
 16445;
 16452; 16452; 16452; 16452;
 16455;
 16497;
 16498;
 16503; 16503;
 16508;
 16519;
 16542;
 16595;
 16599; 16599; 16599; 16599;
 16619;
 16650; 16650;
 16652;
 16676; 16676;
 16677;
 16683;
 16700;
 16707; 16707; 16707;
 16721;
 16739;
 16746; 16746;
 16791; 16791;
 16796;
 16855; 16855;
 16864;
 16884;
 16906; 16906;
 16937; 16937;
 16942;
 16959; 16959; 16959; 16959; 16959;
 16981;
 16996; 16996; 16996; 16996; 16996; 16996;
 17040; 17040; 17040;
 17042; 17042; 17042;
 17063; 17063; 17063; 17063; 17063; 17063;
 17065;
 17090;
 17095; 17095; 17095;
 17108; 17108;
 17110;
 17116;
 17138;
 17144; 17144;
 17167; 17167; 17167;
 17200;
 17216; 17216;
 17234; 17234;
 17239; 17239;
 17253; 17253; 17253;
 17265; 17265; 17265; 17265; 17265;
 17266; 17266; 17266; 17266;
 17275;
 17283; 17283;
 17287;
 17321;
 17332;
 17353; 17353;
 17364;
 17374; 17374; 17374;
 17405; 17405;
 17408; 17408;
 17418;
 17428; 17428;
 17437; 17437; 17437; 17437; 17437; 17437;
 17441; 17441;
 17448; 17448; 17448; 17448;
 17462;
 17465;
 17472;
 17473; 17473;
 17486;
 17492;
 17493;
 17501;
 17504;
 17518;
 17520; 17520; 17520; 17520;
 17521; 17521;
 17527; 17527;
 17584;
 17591;
 17595;
 17626;
 17637;
 17642;
 17649; 17649; 17649; 17649; 17649;
 17661; 17661;
 17672;
 17679;
 17681; 17681; 17681;
 17693; 17693; 17693;
 17710; 17710; 17710; 17710;
 17713;
 17732;
 17734; 17734;
 17759; 17759; 17759;
 17798;
 17816; 17816; 17816;
 17849; 17849; 17849; 17849; 17849;
 17857;
 17871; 17871; 17871; 17871; 17871;
 17887;
 17900;
 17928;
 17963;
 18006; 18006; 18006;
 18022;
 18023; 18023; 18023; 18023; 18023; 18023; 18023;
 18029;
 18033;
 18040; 18040;
 18074; 18074; 18074;
 18077;
 18081; 18081;
 18096;
 18098;
 18113;
 18118;
 18120;
 18121;
 18122; 18122; 18122;
 18135; 18135;
 18155; 18155;
 18177; 18177; 18177;
 18179;
 18180; 18180;
 18227;
 18235;
 18238;
 18248;
 18253;
 18263;
 18276;
 18277; 18277;
 18279;
 18282;
 18317;
 18320; 18320;
 18335;
 18343;
 18347;
 18370;
 18407;
 18418;
 18433; 18433;
 18434; 18434; 18434;
 18443; 18443; 18443; 18443;
 18449;
 18460;
 18475;
 18485;
 18493; 18493; 18493; 18493;
 18516; 18516;
 18518;
 18542;
 18548;
 18582; 18582;
 18603; 18603; 18603;
 18611; 18611; 18611; 18611;
 18627;
 18630; 18630; 18630;
 18631; 18631;
 18639; 18639;
 18640;
 18645;
 18663; 18663; 18663; 18663;
 18691;
 18695;
 18709; 18709;
 18720;
 18726;
 18733; 18733;
 18748; 18748;
 18772; 18772; 18772; 18772; 18772; 18772;
 18773;
 18778;
 18782;
 18825; 18825; 18825; 18825;
 18902;
 18927; 18927; 18927;
 18933; 18933; 18933;
 18937; 18937;
 18942; 18942; 18942;
 18944;
 18950;
 18954; 18954;
 18956;
 18961;
 18964; 18964; 18964;
 18977; 18977;
 19002; 19002;
 19020; 19020; 19020;
 19024;
 19028;
 19052;
 19074;
 19087; 19087;
 19093;
 19096;
 19116;
 19118;
 19129; 19129;
 19136;
 19143;
 19171; 19171; 19171;
 19179;
 19186; 19186; 19186; 19186; 19186;
 19189;
 19191; 19191; 19191; 19191;
 19214; 19214;
 19223;
 19229; 19229; 19229;
 19230; 19230; 19230; 19230; 19230;
 19232;
 19251;
 19273;
 19309;
 19339; 19339; 19339;
 19382; 19382;
 19407; 19407;
 19421;
 19488;
 19507;
 19530; 19530; 19530; 19530;
 19537; 19537;
 19570; 19570;
 19583;
 19586;
 19593;
 19595;
 19600;
 19643;
 19659; 19659;
 19660;
 19662;
 19668;
 19686; 19686; 19686;
 19703;
 19734; 19734; 19734; 19734; 19734; 19734; 19734;
 19736;
 19778; 19778; 19778; 19778;
 19780;
 19794;
 19811; 19811;
 19812;
 19834; 19834;
 19842; 19842; 19842; 19842;
 19858;
 19871; 19871;
 19874;
 19893; 19893;
 19934; 19934;
 19983; 19983; 19983; 19983;
 19986; 19986; 19986; 19986;
 19996;
 20012; 20012;
 20020;
 20021; 20021; 20021; 20021;
 20041;
 20044;
 20065;
 20068; 20068; 20068;
 20070;
 20074;
 20098;
 20141; 20141; 20141; 20141; 20141; 20141; 20141;
 20146;
 20153; 20153;
 20183;
 20221; 20221; 20221;
 20259; 20259; 20259; 20259;
 20284; 20284;
 20290;
 20308;
 20317; 20317; 20317; 20317;
 20338;
 20349; 20349; 20349;
 20358; 20358;
 20361;
 20369; 20369;
 20370; 20370;
 20374; 20374; 20374; 20374;
 20375;
 20377;
 20391; 20391; 20391; 20391;
 20404; 20404; 20404;
 20420;
 20421; 20421;
 20510; 20510;
 20586; 20586; 20586;
 20588;
 20595;
 20599; 20599;
 20605; 20605;
 20651; 20651;
 20668;
 20708;
 20738;
 20739;
 20742;
 20747;
 20751;
 20762;
 20783;
 20787; 20787; 20787; 20787; 20787;
 20792;
 20831; 20831; 20831;
 20845; 20845; 20845;
 20885;
 20919; 20919;
 20959;
 20964;
 20979;
 20986; 20986; 20986;
 20989;
 21012;
 21015; 21015; 21015;
 21051;
 21053; 21053;
 21060;
 21073; 21073; 21073;
 21099; 21099;
 21124;
 21134;
 21138;
 21139; 21139; 21139;
 21144; 21144; 21144;
 21146;
 21147; 21147;
 21169; 21169;
 21173;
 21174;
 21176;
 21179; 21179; 21179; 21179;
 21205;
 21206;
 21209; 21209; 21209; 21209;
 21224; 21224; 21224; 21224;
 21246;
 21279; 21279;
 21280; 21280; 21280; 21280; 21280; 21280;
 21281; 21281; 21281;
 21285;
 21298; 21298; 21298;
 21325;
 21335; 21335;
 21363; 21363; 21363; 21363; 21363;
 21364; 21364; 21364;
 21401; 21401; 21401; 21401;
 21402; 21402;
 21406;
 21429; 21429;
 21438;
 21454;
 21481;
 21495;
 21508;
 21514; 21514; 21514; 21514;
 21538; 21538; 21538; 21538;
 21558; 21558; 21558;
 21560;
 21607; 21607;
 21611; 21611;
 21645; 21645;
 21657;
 21674;
 21677;
 21698;
 21719; 21719;
 21749; 21749;
 21760; 21760; 21760; 21760;
 21787; 21787; 21787; 21787;
 21812;
 21836;
 21848; 21848;
 21902;
 21914; 21914; 21914;
 21917;
 21927;
 21929; 21929;
 21943; 21943; 21943;
 21959; 21959;
 22024;
 22026;
 22028;
 22029; 22029; 22029;
 22031; 22031; 22031; 22031;
 22042;
 22046;
 22068; 22068;
 22085; 22085;
 22090; 22090; 22090;
 22106;
 22110; 22110; 22110; 22110; 22110; 22110;
 22121;
 22125; 22125;
 22133; 22133;
 22152;
 22182;
 22245; 22245; 22245; 22245; 22245; 22245;
 22264; 22264;
 22268; 22268; 22268;
 22275; 22275; 22275; 22275;
 22281; 22281; 22281;
 22296; 22296; 22296;
 22301; 22301; 22301; 22301;
 22309;
 22322;
 22324; 22324; 22324; 22324; 22324; 22324; 22324; 22324; 22324; 22324; 22324;
 22326; 22326;
 22330; 22330;
 22341;
 22349; 22349;
 22366;
 22375; 22375;
 22376;
 22396; 22396; 22396;
 22435;
 22444; 22444; 22444; 22444; 22444;
 22460;
 22461; 22461; 22461;
 22467; 22467; 22467; 22467; 22467; 22467; 22467; 22467; 22467;
 22471; 22471;
 22472; 22472; 22472; 22472; 22472; 22472; 22472;
 22491; 22491;
 22533;
 22536; 22536; 22536; 22536;
 22545; 22545; 22545; 22545;
 22565; 22565;
 22570;
 22589;
 22628; 22628; 22628; 22628; 22628;
 22639;
 22657; 22657;
 22681;
 22687; 22687;
 22688; 22688;
 22708;
 22714;
 22777;
 22782; 22782;
 22800;
 22802; 22802;
 22821; 22821;
 22824;
 22838;
 22848; 22848; 22848; 22848;
 22855;
 22862;
 22879;
 22919;
 22926;
 22945; 22945; 22945;
 22962;
 22998; 22998; 22998;
 23019;
 23035;
 23049;
 23064; 23064; 23064; 23064;
 23076; 23076; 23076; 23076;
 23082; 23082;
 23095;
 23107;
 23111; 23111;
 23114;
 23116;
 23118;
 23151; 23151;
 23167; 23167;
 23222; 23222; 23222; 23222; 23222; 23222; 23222; 23222;
 23226;
 23227; 23227;
 23239; 23239; 23239; 23239; 23239;
 23252; 23252;
 23266; 23266; 23266; 23266; 23266;
 23270;
 23338;
 23343;
 23349;
 23361;
 23364;
 23380; 23380;
 23382;
 23388; 23388; 23388; 23388;
 23404; 23404;
 23485;
 23489;
 23496; 23496; 23496; 23496;
 23507; 23507; 23507;
 23543;
 23571; 23571; 23571; 23571; 23571; 23571;
 23572;
 23577; 23577;
 23584; 23584;
 23585;
 23588; 23588;
 23606;
 23612;
 23632; 23632;
 23667;
 23671; 23671;
 23678;
 23700; 23700; 23700; 23700; 23700;
 23706;
 23732; 23732;
 23739;
 23788; 23788; 23788;
 23789;
 23797; 23797; 23797; 23797;
 23830; 23830;
 23844; 23844; 23844;
 23859; 23859; 23859;
 23872; 23872; 23872;
 23879;
 23885;
 23922; 23922; 23922; 23922; 23922;
 23923;
 23927;
 23937;
 23953;
 23980; 23980;
 23990;
 23993; 23993; 23993; 23993;
 24007;
 24016; 24016;
 24036;
 24063;
 24066;
 24068; 24068;
 24071;
 24072;
 24084; 24084;
 24086;
 24098; 24098; 24098;
 24101; 24101;
 24121; 24121;
 24126; 24126; 24126;
 24167;
 24266;
 24269; 24269;
 24314;
 24318; 24318; 24318; 24318; 24318; 24318; 24318;
 24323; 24323;
 24345; 24345;
 24348; 24348; 24348; 24348; 24348;
 24366; 24366;
 24371; 24371;
 24395; 24395;
 24420;
 24421;
 24426;
 24428;
 24437;
 24447; 24447;
 24458;
 24467; 24467;
 24479;
 24485; 24485; 24485;
 24494;
 24495; 24495;
 24497; 24497;
 24512; 24512; 24512;
 24555; 24555; 24555;
 24589; 24589;
 24618; 24618; 24618;
 24631; 24631; 24631;
 24633; 24633; 24633;
 24651;
 24677;
 24687;
 24710;
 24713;
 24733; 24733; 24733;
 24769;
 24772;
 24790;
 24807; 24807;
 24808;
 24814; 24814; 24814;
 24839; 24839;
 24860; 24860;
 24874; 24874; 24874; 24874; 24874; 24874; 24874; 24874;
 24877;
 24904;
 24914; 24914;
 24942; 24942; 24942; 24942; 24942; 24942;
 24965;
 24968;
 24989; 24989;
 24995; 24995;
 25004;
 25021; 25021; 25021; 25021;
 25027; 25027; 25027;
 25032; 25032;
 25037;
 25039; 25039;
 25040;
 25053; 25053; 25053;
 25056;
 25058;
 25064;
 25070; 25070; 25070;
 25072; 25072;
 25073;
 25076;
 25078; 25078; 25078;
 25111; 25111;
 25145;
 25157; 25157;
 25165; 25165; 25165;
 25170; 25170; 25170; 25170; 25170;
 25173;
 25188; 25188; 25188; 25188; 25188; 25188; 25188;
 25191;
 25211; 25211;
 25214; 25214; 25214; 25214; 25214; 25214;
 25227; 25227;
 25239;
 25272; 25272; 25272;
 25303; 25303; 25303;
 25312; 25312; 25312; 25312;
 25324; 25324; 25324;
 25339;
 25393;
 25400;
 25407;
 25447; 25447;
 25455; 25455; 25455;
 25471;
 25477; 25477; 25477; 25477;
 25478; 25478;
 25488;
 25494;
 25498; 25498; 25498;
 25499; 25499; 25499;
 25502; 25502; 25502; 25502; 25502; 25502; 25502; 25502;
 25530;
 25579;
 25580; 25580;
 25600; 25600; 25600;
 25601; 25601;
 25616; 25616;
 25622;
 25636; 25636;
 25638;
 25641; 25641; 25641; 25641;
 25643; 25643; 25643; 25643;
 25659;
 25677;
 25679;
 25681;
 25682; 25682;
 25719; 25719;
 25721; 25721;
 25729; 25729; 25729;
 25736;
 25754;
 25763; 25763; 25763;
 25780;
 25793;
 25798;
 25806;
 25818;
 25831; 25831; 25831;
 25835;
 25847;
 25854;
 25867;
 25909; 25909;
 25965; 25965; 25965; 25965;
 25976; 25976;
 25987; 25987; 25987; 25987; 25987; 25987; 25987;
 26022; 26022; 26022;
 26024; 26024; 26024; 26024; 26024;
 26035;
 26036; 26036; 26036;
 26040; 26040; 26040;
 26059;
 26060;
 26088; 26088;
 26095; 26095; 26095;
 26123;
 26146;
 26156; 26156;
 26171; 26171;
 26189;
 26195; 26195;
 26198;
 26221;
 26223; 26223;
 26230;
 26235; 26235; 26235; 26235; 26235; 26235;
 26236; 26236;
 26251; 26251;
 26267; 26267;
 26272;
 26296;
 26324; 26324; 26324;
 26345;
 26391;
 26396;
 26400; 26400; 26400;
 26412; 26412; 26412;
 26422;
 26435;
 26455;
 26457;
 26474;
 26497; 26497;
 26506; 26506; 26506; 26506;
 26507;
 26519; 26519; 26519; 26519; 26519; 26519;
 26521;
 26553;
 26555;
 26563;
 26594; 26594; 26594; 26594; 26594;
 26609;
 26615;
 26617;
 26631; 26631;
 26639; 26639;
 26643; 26643;
 26651; 26651;
 26657; 26657;
 26690; 26690;
 26693; 26693;
 26698; 26698;
 26709;
 26746; 26746;
 26831; 26831; 26831;
 26835;
 26837; 26837;
 26838; 26838;
 26845; 26845;
 26852;
 26908;
 26910; 26910;
 26954;
 26965; 26965;
 26981; 26981;
 26988; 26988;
 26998; 26998;
 27005;
 27034;
 27037; 27037;
 27058; 27058;
 27092;
 27097; 27097;
 27108;
 27109; 27109; 27109; 27109;
 27125;
 27140;
 27146;
 27154;
 27166;
 27167; 27167; 27167; 27167; 27167;
 27188; 27188; 27188;
 27217;
 27230; 27230;
 27243;
 27266;
 27276;
 27299;
 27325;
 27327; 27327;
 27341; 27341;
 27356;
 27359;
 27383; 27383;
 27404;
 27415;
 27417; 27417; 27417;
 27423; 27423; 27423; 27423;
 27440;
 27453;
 27459;
 27472; 27472;
 27477; 27477;
 27496;
 27517; 27517; 27517;
 27524;
 27527; 27527; 27527; 27527; 27527; 27527; 27527; 27527; 27527; 27527;
 27548; 27548;
 27570; 27570; 27570;
 27586; 27586; 27586; 27586;
 27593; 27593; 27593; 27593;
 27628;
 27634; 27634;
 27638; 27638;
 27651; 27651;
 27655; 27655;
 27693; 27693; 27693;
 27717;
 27722;
 27729;
 27758;
 27774; 27774; 27774; 27774;
 27798;
 27806; 27806; 27806; 27806;
 27812;
 27817; 27817; 27817; 27817; 27817; 27817;
 27825; 27825;
 27836;
 27841;
 27857; 27857;
 27861;
 27885;
 27937;
 27938; 27938; 27938;
 27946;
 27963; 27963; 27963; 27963;
 27969; 27969; 27969;
 27983;
 27984;
 27985;
 27995; 27995;
 28006; 28006;
 28042; 28042;
 28068;
 28087;
 28109;
 28148; 28148; 28148; 28148;
 28159;
 28160;
 28173;
 28193;
 28194; 28194; 28194;
 28210; 28210;
 28248;
 28291; 28291;
 28304;
 28318; 28318;
 28370;
 28377; 28377;
 28390;
 28392;
 28433; 28433;
 28441; 28441; 28441; 28441;
 28445; 28445;
 28464; 28464;
 28476; 28476;
 28481; 28481;
 28499;
 28519; 28519;
 28522;
 28525; 28525;
 28540;
 28573; 28573; 28573; 28573;
 28578;
 28580;
 28642; 28642; 28642;
 28643;
 28660; 28660;
 28674; 28674;
 28687;
 28702;
 28740;
 28745; 28745; 28745;
 28749;
 28762; 28762; 28762;
 28766;
 28786;
 28806; 28806;
 28808;
 28819; 28819;
 28826; 28826; 28826;
 28871; 28871;
 28890;
 28899;
 28914;
 28916;
 28919;
 28927; 28927; 28927;
 28936; 28936;
 28966; 28966;
 28967;
 28978;
 28979; 28979; 28979; 28979; 28979;
 28984; 28984;
 28987; 28987;
 28997;
 29066; 29066; 29066;
 29072; 29072;
 29084;
 29090;
 29101; 29101; 29101;
 29134; 29134; 29134;
 29141; 29141; 29141;
 29144; 29144; 29144; 29144;
 29154; 29154;
 29157;
 29179;
 29183; 29183; 29183;
 29219;
 29232;
 29242; 29242; 29242; 29242; 29242;
 29247; 29247;
 29252; 29252;
 29291;
 29312; 29312;
 29344; 29344; 29344;
 29346; 29346;
 29347; 29347;
 29364;
 29373; 29373;
 29378; 29378;
 29387; 29387; 29387; 29387; 29387;
 29397; 29397; 29397;
 29398;
 29407;
 29415; 29415; 29415; 29415; 29415;
 29455;
 29458; 29458;
 29467;
 29505; 29505;
 29506;
 29545; 29545; 29545; 29545;
 29583; 29583; 29583;
 29607;
 29610; 29610;
 29620; 29620; 29620; 29620;
 29621;
 29630;
 29642; 29642;
 29667;
 29683; 29683; 29683; 29683; 29683;
 29687;
 29694; 29694; 29694;
 29697; 29697; 29697;
 29699; 29699; 29699; 29699;
 29716; 29716; 29716; 29716;
 29721;
 29726; 29726;
 29727; 29727; 29727; 29727; 29727;
 29729;
 29736; 29736;
 29752;
 29756; 29756;
 29760;
 29776;
 29808;
 29824; 29824; 29824;
 29838; 29838; 29838;
 29839; 29839;
 29848; 29848;
 29893; 29893; 29893; 29893;
 29916;
 29932; 29932;
 29986;
 29987; 29987;
 30001; 30001;
 30007; 30007;
 30035;
 30042;
 30044;
 30045;
 30057;
 30060; 30060;
 30075; 30075;
 30100;
 30110; 30110;
 30111; 30111; 30111; 30111;
 30126;
 30132; 30132; 30132;
 30161;
 30172; 30172;
 30178; 30178; 30178;
 30190; 30190;
 30194; 30194;
 30199;
 30223;
 30237; 30237;
 30240;
 30247; 30247;
 30253;
 30260;
 30280;
 30307; 30307;
 30322;
 30334; 30334;
 30340;
 30346;
 30349;
 30368; 30368; 30368;
 30415;
 30448;
 30460;
 30463;
 30493;
 30517;
 30525; 30525; 30525; 30525;
 30529;
 30597; 30597;
 30603; 30603;
 30611;
 30617; 30617;
 30618;
 30622; 30622;
 30624;
 30638;
 30651;
 30694;
 30723;
 30728;
 30730;
 30738;
 30757;
 30762;
 30773;
 30826; 30826;
 30832; 30832;
 30841;
 30842; 30842; 30842;
 30855; 30855;
 30861; 30861;
 30865;
 30869;
 30903; 30903;
 30928; 30928; 30928;
 30950;
 31008; 31008; 31008;
 31029;
 31086; 31086; 31086; 31086;
 31105; 31105; 31105;
 31109; 31109; 31109;
 31134; 31134; 31134;
 31143; 31143; 31143;
 31148;
 31163; 31163;
 31169;
 31180; 31180; 31180;
 31214;
 31232;
 31234; 31234;
 31244;
 31254;
 31265; 31265; 31265;
 31282;
 31290; 31290;
 31319; 31319; 31319; 31319;
 31322; 31322; 31322; 31322; 31322; 31322;
 31399; 31399;
 31416; 31416; 31416; 31416; 31416;
 31430;
 31441;
 31463; 31463; 31463;
 31467;
 31485; 31485;
 31495; 31495; 31495;
 31501; 31501;
 31508; 31508; 31508; 31508;
 31510; 31510; 31510; 31510;
 31535;
 31547; 31547; 31547;
 31555;
 31573;
 31595;
 31606;
 31617;
 31618;
 31632; 31632;
 31633; 31633;
 31655;
 31664; 31664; 31664; 31664;
 31683; 31683; 31683;
 31730;
 31731;
 31751;
 31776;
 31794; 31794;
 31814;
 31825;
 31831;
 31844; 31844; 31844;
 31848;
 31851;
 31866;
 31871; 31871; 31871;
 31920; 31920;
 31921;
 31936;
 31938;
 31939;
 31962; 31962;
 31979;
 31992; 31992; 31992; 31992; 31992; 31992; 31992; 31992; 31992;
 32010;
 32027; 32027; 32027; 32027; 32027;
 32034; 32034; 32034; 32034; 32034; 32034;
 32043;
 32047; 32047; 32047; 32047;
 32083;
 32091; 32091; 32091; 32091;
 32092; 32092;
 32115; 32115; 32115; 32115; 32115; 32115; 32115; 32115;
 32116;
 32125; 32125; 32125; 32125; 32125; 32125;
 32137;
 32142; 32142;
 32153;
 32193; 32193;
 32219;
 32232;
 32247; 32247; 32247; 32247; 32247; 32247; 32247;
 32253; 32253;
 32254; 32254;
 32262;
 32278; 32278; 32278; 32278;
 32308;
 32309;
 32324; 32324; 32324;
 32346;
 32347; 32347;
 32375;
 32384; 32384; 32384;
 32391; 32391; 32391;
 32398; 32398;
 32425; 32425;
 32438; 32438;
 32462; 32462;
 32466;
 32467;
 32480; 32480;
 32483; 32483; 32483; 32483; 32483;
 32507;
 32509;
 32540;
 32570; 32570; 32570;
 32578;
 32590; 32590;
 32618; 32618; 32618; 32618; 32618;
 32632;
 32641;
 32670; 32670; 32670; 32670; 32670; 32670;
 32683; 32683;
 32711;
 32747; 32747;
 32753;
 32757; 32757; 32757; 32757; 32757; 32757; 32757; 32757; 32757; 32757;
 32769;
 32784;
 32800; 32800; 32800;
 32802;
 32810; 32810; 32810; 32810;
 32823; 32823; 32823; 32823;
 32859;
 32890;
 32895; 32895; 32895;
 32896;
 32898; 32898; 32898; 32898;
 32904; 32904; 32904; 32904; 32904;
 32907;
 32942; 32942; 32942;
 32944;
 32951; 32951;
 32952; 32952; 32952; 32952;
 32968;
 32980; 32980; 32980; 32980; 32980;
 33036; 33036; 33036;
 33044;
 33052; 33052; 33052;
 33064;
 33075;
 33098;
 33103; 33103;
 33111;
 33113;
 33115;
 33149;
 33157; 33157; 33157; 33157;
 33161; 33161; 33161;
 33165;
 33193; 33193;
 33201;
 33239;
 33253;
 33277; 33277;
 33285; 33285;
 33286; 33286; 33286;
 33311;
 33316;
 33324; 33324;
 33331;
 33337;
 33338; 33338; 33338; 33338;
 33361;
 33377;
 33384;
 33386;
 33397;
 33404; 33404;
 33420;
 33444; 33444;
 33448; 33448; 33448;
 33473; 33473; 33473;
 33493; 33493;
 33505;
 33511; 33511;
 33522; 33522; 33522; 33522; 33522; 33522;
 33531; 33531;
 33537;
 33543; 33543; 33543;
 33579;
 33586;
 33589;
 33597; 33597;
 33604; 33604; 33604; 33604;
 33607; 33607; 33607;
 33621;
 33624;
 33629;
 33664; 33664;
 33666; 33666; 33666;
 33667;
 33679; 33679; 33679; 33679;
 33688;
 33698; 33698; 33698; 33698;
 33704;
 33710;
 33718;
 33744; 33744;
 33752;
 33762;
 33770;
 33772; 33772; 33772;
 33838;
 33847;
 33866;
 33869; 33869;
 33885; 33885; 33885;
 33907; 33907;
 33908;
 33926;
 33938; 33938;
 33961;
 33976; 33976; 33976;
 33982; 33982;
 33997; 33997;
 34019; 34019;
 34055;
 34057;
 34068; 34068; 34068;
 34083; 34083;
 34100;
 34102; 34102;
 34123; 34123;
 34161;
 34165; 34165; 34165;
 34168; 34168;
 34187;
 34198; 34198; 34198;
 34224; 34224; 34224;
 34234;
 34235;
 34243;
 34246;
 34252;
 34269;
 34317;
 34329; 34329;
 34333;
 34336;
 34338; 34338; 34338; 34338;
 34390;
 34418; 34418; 34418;
 34422;
 34432; 34432; 34432;
 34450; 34450; 34450; 34450;
 34457; 34457; 34457;
 34469;
 34474;
 34499; 34499; 34499;
 34519;
 34571; 34571;
 34613;
 34621;
 34626; 34626; 34626; 34626;
 34631; 34631; 34631;
 34656; 34656;
 34680;
 34682;
 34716; 34716;
 34720;
 34726; 34726;
 34744; 34744;
 34755; 34755; 34755; 34755; 34755;
 34763;
 34779;
 34790; 34790; 34790; 34790;
 34794; 34794;
 34804;
 34818;
 34845; 34845; 34845; 34845;
 34855;
 34856; 34856; 34856; 34856; 34856;
 34869;
 34875; 34875; 34875; 34875;
 34879;
 34921;
 34922; 34922; 34922;
 34927;
 34936;
 34952;
 34981;
 35006;
 35033; 35033; 35033; 35033;
 35061;
 35076; 35076;
 35093;
 35103;
 35123; 35123; 35123;
 35132; 35132;
 35144; 35144;
 35152;
 35164; 35164; 35164;
 35169; 35169; 35169; 35169;
 35175;
 35187;
 35208;
 35223; 35223;
 35232;
 35242; 35242; 35242;
 35289; 35289; 35289; 35289; 35289; 35289; 35289; 35289;
 35331; 35331; 35331;
 35332; 35332;
 35334;
 35352; 35352;
 35353; 35353;
 35354; 35354; 35354;
 35358; 35358; 35358; 35358;
 35360;
 35366;
 35368;
 35372;
 35424;
 35428; 35428;
 35429;
 35460;
 35490;
 35497; 35497; 35497;
 35499; 35499;
 35509;
 35515; 35515; 35515; 35515; 35515; 35515; 35515; 35515; 35515;
 35520;
 35526;
 35536;
 35558; 35558; 35558;
 35564;
 35569;
 35587; 35587;
 35594;
 35601; 35601;
 35605;
 35615; 35615;
 35623;
 35635;
 35654; 35654; 35654;
 35657;
 35668; 35668;
 35693;
 35701; 35701;
 35735;
 35744;
 35750; 35750; 35750; 35750;
 35763; 35763;
 35764; 35764;
 35769; 35769;
 35776; 35776; 35776;
 35783;
 35817; 35817;
 35822; 35822; 35822;
 35827;
 35863; 35863; 35863;
 35891; 35891;
 35896;
 35920;
 35927;
 35930; 35930; 35930; 35930; 35930; 35930;
 35945;
 36024; 36024; 36024;
 36026; 36026;
 36034;
 36040;
 36059;
 36064;
 36066;
 36073; 36073;
 36076;
 36089; 36089;
 36109;
 36132; 36132; 36132; 36132;
 36136;
 36141;
 36142;
 36168;
 36180;
 36208;
 36210; 36210; 36210;
 36219;
 36220;
 36221; 36221;
 36262;
 36283; 36283; 36283; 36283; 36283; 36283;
 36295; 36295; 36295;
 36350; 36350;
 36367;
 36369; 36369; 36369; 36369; 36369;
 36380; 36380;
 36385; 36385;
 36418;
 36433;
 36459; 36459; 36459;
 36462; 36462; 36462;
 36465; 36465;
 36467;
 36482; 36482; 36482;
 36484;
 36489; 36489;
 36503; 36503;
 36505;
 36516; 36516; 36516; 36516; 36516;
 36533; 36533;
 36538;
 36588;
 36599; 36599;
 36602; 36602;
 36607; 36607;
 36617;
 36620;
 36676; 36676; 36676; 36676;
 36687;
 36699;
 36728;
 36788;
 36855; 36855;
 36866; 36866;
 36876;
 36878;
 36980;
 36983; 36983;
 37014;
 37028; 37028;
 37057; 37057; 37057; 37057;
 37068; 37068;
 37100;
 37113;
 37188; 37188;
 37189;
 37192;
 37218; 37218;
 37221; 37221;
 37229; 37229;
 37262;
 37296; 37296; 37296;
 37304;
 37328;
 37336;
 37349; 37349; 37349; 37349; 37349;
 37394;
 37414; 37414;
 37434; 37434;
 37457; 37457;
 37480; 37480; 37480; 37480;
 37504; 37504;
 37512;
 37515;
 37530; 37530;
 37538;
 37611;
 37627;
 37630;
 37637; 37637;
 37640; 37640; 37640;
 37646;
 37681;
 37691;
 37694;
 37714;
 37749; 37749; 37749; 37749; 37749;
 37779; 37779; 37779;
 37780;
 37797;
 37801; 37801; 37801; 37801; 37801;
 37819;
 37824; 37824; 37824;
 37832;
 37863;
 37864; 37864;
 37879;
 37880;
 37881; 37881;
 37886; 37886;
 37891;
 37898; 37898; 37898; 37898;
 37908;
 37910; 37910; 37910;
 37916; 37916;
 37931;
 37932;
 37935;
 37965;
 38003;
 38022;
 38040;
 38042;
 38044;
 38048; 38048; 38048; 38048; 38048; 38048; 38048; 38048;
 38051;
 38074; 38074;
 38088;
 38091; 38091; 38091; 38091;
 38110; 38110;
 38114; 38114; 38114; 38114; 38114;
 38123; 38123; 38123;
 38162;
 38181; 38181;
 38183;
 38201;
 38212;
 38244;
 38246; 38246;
 38257; 38257;
 38289; 38289;
 38291; 38291; 38291; 38291; 38291; 38291;
 38298;
 38330; 38330;
 38338; 38338; 38338; 38338; 38338;
 38356; 38356; 38356; 38356;
 38371; 38371; 38371;
 38379; 38379;
 38407; 38407;
 38487; 38487;
 38513; 38513;
 38514;
 38517;
 38524;
 38528; 38528;
 38538; 38538;
 38567;
 38573; 38573;
 38582; 38582; 38582;
 38607; 38607;
 38608;
 38612;
 38614;
 38643; 38643; 38643; 38643;
 38653;
 38666;
 38673;
 38675;
 38690;
 38704;
 38716; 38716;
 38731; 38731;
 38746;
 38747; 38747; 38747; 38747;
 38760; 38760; 38760; 38760; 38760;
 38790; 38790;
 38792; 38792;
 38811; 38811;
 38825; 38825;
 38828; 38828;
 38837;
 38853; 38853;
 38875;
 38923;
 38951;
 38980; 38980; 38980;
 38981;
 38985;
 39003;
 39031; 39031; 39031;
 39053;
 39062; 39062;
 39063;
 39118; 39118; 39118;
 39126; 39126; 39126;
 39140;
 39151;
 39164; 39164; 39164; 39164; 39164;
 39183; 39183; 39183; 39183; 39183;
 39192; 39192;
 39216; 39216;
 39240; 39240;
 39241;
 39243; 39243;
 39248; 39248; 39248; 39248; 39248;
 39253; 39253;
 39258; 39258;
 39277;
 39291;
 39294;
 39306;
 39310;
 39319;
 39353;
 39369; 39369;
 39400; 39400; 39400; 39400; 39400;
 39418;
 39449; 39449; 39449; 39449;
 39455;
 39493;
 39516; 39516;
 39523; 39523;
 39527; 39527; 39527;
 39528; 39528; 39528; 39528;
 39550; 39550;
 39560;
 39561;
 39567; 39567; 39567;
 39594; 39594; 39594;
 39601;
 39607; 39607; 39607; 39607;
 39620;
 39638;
 39639;
 39654; 39654;
 39683; 39683;
 39725; 39725;
 39744; 39744; 39744; 39744;
 39777;
 39781; 39781;
 39788; 39788;
 39794; 39794;
 39839; 39839; 39839;
 39841; 39841; 39841;
 39848;
 39850;
 39857; 39857;
 39861;
 39872;
 39884; 39884;
 39920; 39920; 39920; 39920;
 39925;
 39926; 39926; 39926; 39926;
 39934; 39934; 39934; 39934; 39934; 39934;
 39946; 39946; 39946; 39946;
 39958;
 39965;
 39973;
 39974; 39974;
 39993;
 40007; 40007;
 40013;
 40016; 40016;
 40025; 40025;
 40040; 40040;
 40067;
 40079;
 40094; 40094; 40094; 40094;
 40113;
 40115; 40115;
 40133; 40133;
 40145; 40145; 40145;
 40153; 40153;
 40159;
 40177;
 40187; 40187; 40187; 40187;
 40197;
 40214; 40214;
 40215;
 40233; 40233;
 40259; 40259; 40259; 40259; 40259; 40259;
 40260; 40260; 40260;
 40262; 40262; 40262;
 40265;
 40266;
 40268; 40268;
 40277;
 40289; 40289; 40289; 40289;
 40302;
 40303; 40303; 40303;
 40364;
 40369; 40369;
 40378;
 40400; 40400; 40400;
 40428; 40428;
 40438; 40438;
 40464; 40464;
 40468; 40468;
 40471; 40471; 40471; 40471;
 40477;
 40505; 40505; 40505; 40505; 40505; 40505; 40505; 40505;
 40517; 40517;
 40536; 40536;
 40537; 40537; 40537;
 40589;
 40609; 40609; 40609; 40609;
 40613; 40613; 40613; 40613;
 40665; 40665;
 40676; 40676; 40676;
 40693; 40693;
 40698; 40698; 40698; 40698; 40698;
 40715; 40715;
 40723;
 40728; 40728; 40728; 40728; 40728; 40728;
 40740; 40740; 40740;
 40743; 40743;
 40752;
 40768;
 40772; 40772;
 40797;
 40837; 40837; 40837; 40837;
 40892;
 40895; 40895;
 40903; 40903; 40903;
 40907; 40907; 40907;
 40938;
 40944; 40944;
 40948; 40948; 40948; 40948; 40948; 40948;
 40957; 40957; 40957;
 40960;
 40964; 40964;
 40987; 40987;
 40994; 40994;
 41030;
 41036;
 41044;
 41056;
 41059;
 41112; 41112;
 41125;
 41128; 41128; 41128;
 41133;
 41138; 41138; 41138; 41138; 41138; 41138; 41138; 41138;
 41147; 41147;
 41168;
 41174;
 41195; 41195; 41195; 41195;
 41231; 41231;
 41235; 41235;
 41239; 41239;
 41240; 41240; 41240;
 41244;
 41256; 41256; 41256; 41256;
 41274; 41274;
 41277;
 41335; 41335;
 41345;
 41355; 41355;
 41363; 41363; 41363; 41363;
 41374; 41374; 41374; 41374;
 41407; 41407; 41407;
 41408;
 41427;
 41449;
 41459; 41459; 41459;
 41466;
 41481;
 41489;
 41493; 41493; 41493;
 41530;
 41535; 41535;
 41550;
 41558;
 41581; 41581; 41581;
 41593;
 41594; 41594;
 41629; 41629;
 41648; 41648; 41648;
 41652; 41652;
 41655; 41655; 41655; 41655; 41655;
 41671;
 41676; 41676;
 41677; 41677; 41677;
 41702;
 41708; 41708;
 41714;
 41757; 41757; 41757; 41757;
 41769; 41769;
 41787; 41787; 41787; 41787; 41787;
 41817;
 41819;
 41823; 41823;
 41829;
 41852; 41852;
 41855; 41855;
 41856; 41856; 41856; 41856; 41856; 41856; 41856; 41856;
 41868;
 41870; 41870; 41870;
 41875; 41875;
 41887;
 41896;
 41913; 41913;
 41919; 41919;
 41921;
 41929;
 41950; 41950; 41950;
 41973;
 41979;
 41995;
 42000;
 42048; 42048;
 42060;
 42091; 42091; 42091;
 42140;
 42148;
 42169;
 42186;
 42206; 42206; 42206;
 42216;
 42229; 42229; 42229;
 42234;
 42246; 42246;
 42247;
 42250;
 42254;
 42265;
 42280; 42280; 42280;
 42281; 42281; 42281; 42281;
 42297;
 42302;
 42308;
 42314;
 42319;
 42326;
 42339; 42339;
 42358;
 42413; 42413;
 42447; 42447; 42447; 42447; 42447;
 42463;
 42504;
 42527;
 42535;
 42556;
 42565; 42565;
 42577; 42577;
 42595;
 42624; 42624; 42624;
 42637; 42637; 42637;
 42640;
 42647; 42647;
 42717; 42717; 42717;
 42727; 42727;
 42736; 42736; 42736; 42736; 42736;
 42743; 42743;
 42752;
 42766; 42766; 42766; 42766;
 42778; 42778; 42778;
 42799; 42799; 42799; 42799;
 42800; 42800;
 42822;
 42840; 42840;
 42843; 42843;
 42844; 42844; 42844; 42844; 42844; 42844; 42844;
 42855;
 42913;
 42917;
 42925;
 42927; 42927; 42927; 42927; 42927; 42927; 42927;
 42940;
 42976;
 42985;
 43005;
 43010;
 43016; 43016; 43016; 43016; 43016;
 43037;
 43050;
 43056;
 43064;
 43080;
 43088;
 43095;
 43111;
 43192; 43192;
 43215; 43215;
 43234;
 43236; 43236;
 43239; 43239; 43239; 43239;
 43242; 43242; 43242; 43242; 43242; 43242;
 43245;
 43256;
 43260; 43260; 43260;
 43270;
 43275; 43275; 43275;
 43284;
 43293; 43293;
 43312; 43312; 43312; 43312; 43312;
 43341;
 43416; 43416;
 43432; 43432;
 43435; 43435;
 43466;
 43467; 43467;
 43485; 43485;
 43487;
 43526; 43526; 43526;
 43534; 43534;
 43586;
 43610;
 43621;
 43646; 43646;
 43668;
 43670;
 43681;
 43692; 43692; 43692;
 43752;
 43767;
 43786;
 43804; 43804; 43804;
 43827; 43827;
 43836; 43836; 43836;
 43862; 43862;
 43864; 43864;
 43876; 43876; 43876;
 43881;
 43889; 43889; 43889; 43889;
 43914;
 43921;
 43975;
 43984; 43984;
 43986;
 44001;
 44013;
 44029;
 44056;
 44062;
 44066;
 44075;
 44086; 44086;
 44090;
 44096; 44096;
 44098; 44098; 44098; 44098; 44098;
 44101;
 44139; 44139; 44139;
 44146;
 44147; 44147; 44147;
 44156;
 44157; 44157;
 44184; 44184;
 44187;
 44210;
 44215;
 44224; 44224; 44224; 44224;
 44281; 44281; 44281; 44281; 44281; 44281; 44281; 44281; 44281; 44281;
 44289; 44289;
 44297; 44297;
 44307; 44307;
 44319;
 44328; 44328; 44328;
 44389; 44389;
 44424; 44424; 44424;
 44430; 44430;
 44456;
 44474; 44474;
 44479;
 44486; 44486; 44486;
 44493; 44493; 44493; 44493;
 44506;
 44528;
 44540;
 44544; 44544;
 44570; 44570;
 44580; 44580;
 44583; 44583;
 44584; 44584; 44584; 44584;
 44597;
 44633; 44633;
 44646;
 44652; 44652; 44652;
 44672; 44672;
 44683; 44683; 44683; 44683; 44683; 44683;
 44692;
 44731;
 44732; 44732;
 44733; 44733;
 44734;
 44756; 44756; 44756;
 44758; 44758;
 44825; 44825; 44825; 44825;
 44839;
 44854;
 44867; 44867; 44867;
 44876; 44876;
 44883; 44883; 44883; 44883; 44883; 44883;
 44884;
 44923;
 44940; 44940;
 44947;
 44956;
 44970; 44970; 44970; 44970;
 44983; 44983;
 45011;
 45027;
 45048;
 45060;
 45062;
 45069;
 45074; 45074; 45074;
 45077;
 45081; 45081; 45081;
 45109; 45109; 45109;
 45137; 45137; 45137;
 45148; 45148;
 45152;
 45163;
 45172;
 45196;
 45231;
 45239; 45239; 45239; 45239; 45239;
 45248; 45248;
 45265;
 45266; 45266;
 45291; 45291;
 45303;
 45379; 45379; 45379; 45379; 45379;
 45399; 45399; 45399; 45399;
 45416;
 45433;
 45441;
 45454;
 45465;
 45523; 45523; 45523; 45523;
 45524; 45524;
 45528;
 45571;
 45576; 45576;
 45610;
 45619;
 45622;
 45630; 45630;
 45634; 45634; 45634; 45634;
 45635;
 45662;
 45684;
 45685; 45685; 45685;
 45689;
 45720;
 45733;
 45781; 45781; 45781;
 45785; 45785;
 45793; 45793; 45793; 45793;
 45817;
 45844;
 45845; 45845;
 45868;
 45910;
 45920;
 45929; 45929; 45929; 45929;
 45948;
 45954;
 45964;
 45965; 45965;
 45975; 45975; 45975;
 45979;
 46008;
 46009; 46009; 46009; 46009; 46009; 46009; 46009; 46009;
 46033; 46033; 46033; 46033;
 46034; 46034;
 46037;
 46043;
 46050;
 46058;
 46061;
 46079; 46079; 46079;
 46090; 46090; 46090;
 46095; 46095;
 46120; 46120; 46120; 46120;
 46133; 46133;
 46136;
 46159;
 46164; 46164; 46164; 46164;
 46175; 46175;
 46194;
 46217; 46217;
 46222;
 46223;
 46236;
 46242;
 46260; 46260;
 46266;
 46308; 46308;
 46328;
 46334;
 46343;
 46347;
 46364;
 46365;
 46378; 46378;
 46383;
 46387; 46387; 46387; 46387;
 46402;
 46414;
 46419;
 46428; 46428; 46428; 46428; 46428;
 46430;
 46473; 46473;
 46494;
 46499; 46499;
 46505; 46505; 46505; 46505; 46505; 46505; 46505; 46505;
 46512;
 46516;
 46540;
 46541;
 46542; 46542; 46542;
 46565; 46565; 46565; 46565; 46565; 46565; 46565;
 46569; 46569;
 46612;
 46622;
 46628; 46628;
 46631; 46631; 46631;
 46642;
 46657;
 46662;
 46696; 46696;
 46704; 46704; 46704;
 46754; 46754;
 46757; 46757;
 46763; 46763;
 46764; 46764;
 46767;
 46782; 46782; 46782; 46782;
 46793;
 46812; 46812; 46812;
 46816; 46816;
 46819; 46819;
 46879; 46879; 46879; 46879; 46879; 46879;
 46901;
 46903;
 46914;
 46926; 46926; 46926; 46926;
 46933;
 46960;
 46992; 46992;
 46994;
 47013;
 47020;
 47056;
 47076;
 47087; 47087;
 47096; 47096; 47096; 47096;
 47097;
 47110;
 47111;
 47142;
 47151;
 47153;
 47161; 47161;
 47176;
 47200; 47200;
 47206;
 47213; 47213;
 47241;
 47275;
 47293;
 47324;
 47345;
 47353;
 47371;
 47376; 47376; 47376; 47376; 47376;
 47382; 47382;
 47403;
 47407; 47407; 47407; 47407; 47407;
 47408; 47408; 47408;
 47438; 47438;
 47441;
 47461; 47461; 47461;
 47472;
 47476; 47476;
 47493;
 47507;
 47510; 47510; 47510; 47510; 47510; 47510; 47510; 47510;
 47518;
 47556; 47556;
 47614;
 47616; 47616;
 47651;
 47654; 47654; 47654;
 47680;
 47761;
 47763;
 47800; 47800; 47800; 47800;
 47822;
 47866; 47866; 47866;
 47868; 47868; 47868; 47868;
 47888; 47888;
 47929; 47929;
 47930; 47930; 47930; 47930;
 47951; 47951; 47951;
 47952;
 47957;
 47971; 47971; 47971; 47971; 47971; 47971; 47971;
 47984; 47984; 47984;
 47988;
 47991;
 48010; 48010;
 48012;
 48017; 48017;
 48036; 48036;
 48061; 48061;
 48070; 48070; 48070; 48070;
 48076;
 48110; 48110;
 48128;
 48129;
 48178; 48178;
 48188;
 48191; 48191; 48191; 48191;
 48216;
 48229; 48229;
 48235; 48235;
 48239; 48239;
 48262; 48262; 48262; 48262;
 48275;
 48283;
 48294; 48294;
 48308; 48308;
 48332;
 48334; 48334; 48334;
 48342; 48342; 48342;
 48380; 48380;
 48398;
 48440; 48440; 48440; 48440;
 48445; 48445; 48445;
 48449; 48449;
 48457;
 48472;
 48502;
 48545;
 48553;
 48564;
 48567;
 48592; 48592; 48592;
 48593; 48593;
 48599;
 48641;
 48649;
 48663; 48663;
 48699; 48699;
 48712;
 48723; 48723;
 48729; 48729;
 48769;
 48781;
 48785;
 48796; 48796; 48796; 48796; 48796;
 48807;
 48812;
 48822;
 48823;
 48830;
 48834;
 48845;
 48866;
 48874; 48874;
 48878; 48878; 48878;
 48886; 48886; 48886;
 48896; 48896;
 48897;
 48909;
 48931;
 48954;
 48957;
 48969; 48969; 48969;
 48972;
 48973;
 48974; 48974;
 49000; 49000; 49000;
 49002; 49002; 49002;
 49030;
 49041;
 49092;
 49093; 49093;
 49094; 49094;
 49100; 49100; 49100;
 49107; 49107;
 49112;
 49114; 49114; 49114;
 49121; 49121;
 49127;
 49169;
 49179;
 49190; 49190;
 49198;
 49231;
 49239; 49239; 49239; 49239; 49239; 49239;
 49275; 49275;
 49355; 49355;
 49360; 49360;
 49363; 49363;
 49379; 49379; 49379;
 49402;
 49425;
 49433; 49433;
 49445; 49445; 49445;
 49456;
 49495; 49495;
 49502;
 49524; 49524; 49524; 49524; 49524; 49524;
 49538;
 49545; 49545;
 49586; 49586;
 49610; 49610; 49610;
 49612;
 49613; 49613;
 49637; 49637;
 49676;
 49679;
 49712;
 49714; 49714;
 49730;
 49758; 49758; 49758; 49758; 49758; 49758; 49758;
 49801;
 49803; 49803;
 49820; 49820;
 49829; 49829;
 49843; 49843;
 49844;
 49850;
 49869; 49869;
 49878; 49878; 49878;
 49884; 49884;
 49887;
 49942;
 49949; 49949; 49949;
 49950;
 49954; 49954;
 49994; 49994;
 50021; 50021;
 50027; 50027; 50027;
 50033;
 50036;
 50070;
 50078; 50078; 50078;
 50099; 50099;
 50109; 50109; 50109; 50109; 50109;
 50120;
 50145;
 50148; 50148; 50148; 50148; 50148;
 50157;
 50160;
 50205; 50205; 50205;
 50227;
 50235; 50235; 50235;
 50239; 50239; 50239; 50239;
 50255;
 50257; 50257;
 50287; 50287;
 50315;
 50338; 50338; 50338; 50338; 50338;
 50361; 50361; 50361;
 50364;
 50375; 50375; 50375; 50375;
 50412; 50412; 50412; 50412;
 50415; 50415;
 50441; 50441;
 50462; 50462;
 50494;
 50495;
 50521; 50521;
 50526; 50526;
 50552;
 50557;
 50564;
 50569;
 50571; 50571;
 50579;
 50581; 50581;
 50596;
 50618; 50618;
 50621;
 50659;
 50680;
 50705;
 50728; 50728; 50728; 50728; 50728; 50728; 50728;
 50733;
 50735;
 50737;
 50750;
 50753; 50753; 50753;
 50778; 50778; 50778;
 50807;
 50833;
 50839; 50839; 50839;
 50846;
 50858; 50858;
 50889; 50889;
 50912;
 50913; 50913; 50913; 50913; 50913;
 50916; 50916; 50916;
 50918;
 50928;
 50936;
 50944;
 50987; 50987;
 50992; 50992;
 51018; 51018; 51018; 51018;
 51044; 51044; 51044; 51044; 51044;
 51052;
 51060; 51060;
 51080; 51080; 51080; 51080; 51080;
 51096;
 51125;
 51156;
 51166; 51166; 51166; 51166;
 51178;
 51190;
 51193; 51193; 51193; 51193; 51193;
 51208; 51208; 51208; 51208; 51208;
 51255;
 51272; 51272; 51272;
 51302;
 51324; 51324;
 51339;
 51351; 51351;
 51368; 51368;
 51373;
 51380;
 51381; 51381; 51381; 51381; 51381;
 51401;
 51409;
 51411;
 51417; 51417;
 51420; 51420;
 51421;
 51427;
 51456; 51456;
 51479; 51479;
 51480; 51480;
 51504; 51504;
 51530; 51530;
 51547;
 51564;
 51584;
 51585; 51585;
 51592;
 51601;
 51612;
 51614; 51614;
 51619;
 51631; 51631;
 51634; 51634; 51634;
 51636; 51636; 51636; 51636;
 51669; 51669;
 51677;
 51685; 51685;
 51697;
 51702; 51702;
 51713; 51713;
 51724;
 51731;
 51762; 51762; 51762; 51762; 51762;
 51765;
 51769;
 51792; 51792;
 51822; 51822; 51822;
 51831; 51831; 51831; 51831;
 51834; 51834;
 51838; 51838; 51838;
 51844; 51844; 51844; 51844;
 51853; 51853;
 51869; 51869;
 51896;
 51904; 51904;
 51905;
 51909;
 51916;
 51939; 51939; 51939; 51939;
 51947; 51947;
 51975; 51975; 51975;
 51990;
 52024;
 52039;
 52055;
 52058; 52058;
 52062;
 52071; 52071; 52071; 52071; 52071;
 52104; 52104; 52104; 52104;
 52128;
 52138;
 52180; 52180; 52180;
 52206;
 52226;
 52255; 52255;
 52281;
 52285; 52285;
 52288; 52288; 52288;
 52293; 52293;
 52297;
 52334;
 52345; 52345; 52345; 52345;
 52380; 52380; 52380;
 52396;
 52414; 52414; 52414; 52414; 52414;
 52419;
 52448; 52448;
 52453; 52453;
 52455;
 52511; 52511; 52511; 52511; 52511; 52511;
 52519;
 52530;
 52537;
 52555;
 52562; 52562;
 52563;
 52584;
 52611;
 52623;
 52632; 52632;
 52645; 52645;
 52651;
 52668; 52668; 52668; 52668;
 52693;
 52701; 52701;
 52718;
 52721; 52721;
 52722;
 52746;
 52755;
 52764; 52764; 52764; 52764; 52764; 52764;
 52767;
 52783;
 52784; 52784;
 52841; 52841; 52841;
 52845;
 52847; 52847;
 52849; 52849; 52849;
 52850; 52850;
 52854;
 52857; 52857;
 52872; 52872;
 52878;
 52887; 52887; 52887; 52887; 52887;
 52895; 52895;
 52904;
 52947;
 52953;
 52989; 52989;
 52995;
 53006;
 53009;
 53036;
 53048; 53048;
 53060;
 53061;
 53064;
 53075; 53075;
 53078; 53078;
 53084; 53084;
 53085; 53085;
 53104;
 53114;
 53122;
 53123;
 53128; 53128;
 53170;
 53182;
 53207; 53207; 53207;
 53211; 53211;
 53219;
 53226;
 53251;
 53267; 53267;
 53270;
 53304; 53304; 53304; 53304; 53304; 53304; 53304;
 53305;
 53321; 53321; 53321; 53321; 53321; 53321;
 53333; 53333;
 53405;
 53408; 53408;
 53433; 53433; 53433;
 53448;
 53458; 53458; 53458; 53458; 53458; 53458;
 53470;
 53479;
 53499; 53499;
 53505;
 53513; 53513;
 53554; 53554; 53554; 53554;
 53561;
 53562;
 53577; 53577;
 53610; 53610; 53610;
 53641; 53641; 53641;
 53644; 53644; 53644;
 53647;
 53660;
 53663; 53663;
 53681;
 53691;
 53694;
 53698; 53698; 53698; 53698; 53698;
 53701; 53701; 53701; 53701;
 53707;
 53722; 53722;
 53740;
 53753;
 53763;
 53781;
 53782;
 53790;
 53823;
 53852;
 53866; 53866; 53866; 53866;
 53876;
 53900; 53900; 53900;
 53901; 53901; 53901;
 53902; 53902; 53902; 53902;
 53933;
 53946; 53946; 53946;
 53957; 53957;
 53970; 53970; 53970;
 54012; 54012; 54012;
 54020; 54020;
 54032;
 54035;
 54047;
 54059; 54059; 54059; 54059; 54059; 54059; 54059;
 54061; 54061; 54061;
 54088;
 54097;
 54114;
 54146;
 54147;
 54155;
 54157; 54157;
 54162; 54162;
 54176; 54176; 54176; 54176; 54176; 54176;
 54178; 54178;
 54185; 54185; 54185;
 54203;
 54218; 54218;
 54237;
 54238;
 54242; 54242; 54242;
 54254; 54254;
 54264;
 54267;
 54274; 54274; 54274; 54274; 54274; 54274;
 54293; 54293; 54293;
 54298; 54298;
 54318;
 54332;
 54337;
 54340; 54340;
 54352; 54352;
 54371; 54371;
 54375;
 54412; 54412; 54412;
 54419; 54419; 54419; 54419; 54419; 54419;
 54432; 54432;
 54500; 54500; 54500; 54500;
 54501;
 54518; 54518;
 54527;
 54606;
 54628;
 54629;
 54640; 54640; 54640; 54640; 54640; 54640; 54640; 54640; 54640;
 54656;
 54664; 54664;
 54761;
 54762;
 54768;
 54789; 54789;
 54822;
 54837;
 54852;
 54873; 54873;
 54875;
 54878;
 54883;
 54898;
 54917;
 54943;
 54946;
 54950;
 54976;
 54977;
 54985; 54985; 54985; 54985; 54985; 54985;
 55037;
 55051;
 55061;
 55070; 55070;
 55074;
 55093; 55093;
 55106; 55106;
 55127;
 55128; 55128;
 55150; 55150; 55150;
 55159;
 55160;
 55167;
 55176;
 55190; 55190;
 55203; 55203; 55203;
 55218; 55218;
 55234; 55234; 55234; 55234; 55234;
 55257;
 55276; 55276;
 55294;
 55301;
 55307; 55307; 55307; 55307; 55307;
 55320; 55320;
 55356;
 55358;
 55366; 55366;
 55395;
 55406; 55406;
 55414;
 55418;
 55428;
 55434; 55434;
 55453;
 55468; 55468; 55468; 55468;
 55490;
 55493; 55493; 55493; 55493;
 55494;
 55509;
 55531;
 55534;
 55539;
 55546;
 55557; 55557; 55557; 55557; 55557;
 55572;
 55582;
 55590;
 55599; 55599;
 55656;
 55691; 55691; 55691; 55691; 55691; 55691; 55691;
 55695;
 55697;
 55718; 55718;
 55735;
 55756;
 55762; 55762; 55762;
 55771; 55771; 55771; 55771;
 55792; 55792; 55792;
 55794; 55794;
 55795;
 55797; 55797;
 55804;
 55819;
 55821;
 55824;
 55868;
 55870;
 55887;
 55908; 55908; 55908; 55908; 55908;
 55916; 55916;
 55933; 55933;
 55965;
 55967;
 55979;
 55984;
 56050;
 56055;
 56075; 56075;
 56080; 56080; 56080; 56080; 56080; 56080; 56080;
 56081;
 56090;
 56103; 56103;
 56128; 56128; 56128;
 56149; 56149; 56149; 56149; 56149;
 56154;
 56159; 56159;
 56177;
 56181; 56181; 56181; 56181;
 56192; 56192; 56192; 56192;
 56204; 56204; 56204;
 56218;
 56222; 56222; 56222; 56222;
 56225; 56225;
 56229; 56229;
 56250; 56250;
 56289;
 56298;
 56333;
 56353;
 56355; 56355; 56355; 56355; 56355;
 56362;
 56373;
 56380;
 56385; 56385; 56385; 56385; 56385;
 56424; 56424;
 56441; 56441; 56441;
 56463; 56463; 56463;
 56497; 56497;
 56499;
 56522;
 56532;
 56555;
 56578; 56578; 56578;
 56583;
 56587; 56587; 56587; 56587; 56587; 56587; 56587;
 56588;
 56610; 56610; 56610; 56610; 56610; 56610; 56610; 56610;
 56626; 56626;
 56645;
 56656;
 56660; 56660;
 56681;
 56713; 56713;
 56718;
 56722; 56722;
 56737;
 56807; 56807;
 56823;
 56825; 56825; 56825; 56825;
 56878; 56878;
 56889; 56889;
 56915; 56915; 56915; 56915;
 56916; 56916; 56916; 56916;
 56929;
 56934;
 56935; 56935;
 56955;
 56969; 56969; 56969; 56969; 56969; 56969; 56969; 56969;
 56991;
 56998;
 57009; 57009; 57009; 57009; 57009; 57009;
 57035;
 57055;
 57083; 57083;
 57123;
 57141;
 57153;
 57158; 57158; 57158;
 57174; 57174;
 57184; 57184;
 57188; 57188; 57188;
 57209;
 57240;
 57250; 57250; 57250;
 57253;
 57269;
 57291;
 57301; 57301; 57301; 57301; 57301; 57301;
 57316; 57316; 57316;
 57321; 57321; 57321;
 57324;
 57327; 57327; 57327;
 57331; 57331;
 57333;
 57337; 57337;
 57357;
 57361; 57361;
 57401; 57401; 57401; 57401;
 57439; 57439;
 57442;
 57473;
 57474;
 57481; 57481; 57481; 57481; 57481; 57481; 57481;
 57492;
 57514;
 57531; 57531; 57531;
 57557; 57557;
 57559;
 57598; 57598;
 57609;
 57622;
 57625;
 57672; 57672;
 57695;
 57709; 57709; 57709;
 57712; 57712; 57712;
 57714;
 57723;
 57725;
 57731; 57731;
 57732;
 57740; 57740; 57740;
 57754; 57754;
 57777; 57777;
 57782;
 57796; 57796;
 57797; 57797;
 57804;
 57824;
 57830; 57830; 57830;
 57840;
 57845; 57845;
 57865;
 57882; 57882; 57882;
 57936; 57936;
 57964; 57964; 57964;
 57983; 57983; 57983; 57983;
 57987; 57987; 57987;
 57992; 57992;
 58017;
 58048;
 58063; 58063; 58063;
 58072;
 58077;
 58082;
 58084;
 58087; 58087;
 58088; 58088; 58088;
 58092; 58092;
 58094;
 58126;
 58130;
 58155; 58155; 58155; 58155;
 58188;
 58191;
 58222;
 58252;
 58273; 58273;
 58277; 58277; 58277; 58277; 58277; 58277;
 58312; 58312;
 58317; 58317;
 58325; 58325;
 58328; 58328; 58328; 58328; 58328;
 58330; 58330;
 58338; 58338;
 58350;
 58364;
 58377;
 58386; 58386; 58386;
 58394; 58394;
 58405; 58405;
 58427; 58427; 58427;
 58429; 58429; 58429;
 58437; 58437;
 58443;
 58457;
 58467; 58467;
 58470;
 58490; 58490;
 58496;
 58508; 58508;
 58551; 58551; 58551;
 58609; 58609;
 58613; 58613;
 58635; 58635; 58635;
 58660;
 58670; 58670; 58670;
 58684;
 58686; 58686;
 58710; 58710; 58710;
 58722; 58722; 58722; 58722; 58722; 58722;
 58728;
 58729;
 58751; 58751; 58751; 58751;
 58771;
 58784;
 58787; 58787; 58787; 58787;
 58811; 58811; 58811;
 58820;
 58831; 58831; 58831;
 58845;
 58852; 58852;
 58859; 58859; 58859;
 58865; 58865;
 58915; 58915; 58915; 58915;
 58989;
 59004;
 59023;
 59031;
 59060; 59060;
 59100;
 59142; 59142; 59142; 59142;
 59148; 59148; 59148; 59148; 59148;
 59211;
 59217;
 59240;
 59241;
 59243; 59243;
 59256; 59256; 59256;
 59294; 59294;
 59313; 59313;
 59314; 59314; 59314; 59314; 59314;
 59328; 59328;
 59349;
 59357; 59357;
 59370;
 59379;
 59405; 59405;
 59435; 59435; 59435;
 59449; 59449;
 59451;
 59458; 59458;
 59471; 59471; 59471;
 59478;
 59483; 59483; 59483;
 59500;
 59502;
 59524; 59524; 59524; 59524;
 59530;
 59532;
 59587;
 59606;
 59623; 59623; 59623; 59623;
 59647;
 59650;
 59685; 59685;
 59688; 59688; 59688; 59688;
 59699; 59699; 59699; 59699; 59699; 59699; 59699; 59699;
 59700;
 59702;
 59716;
 59785; 59785; 59785; 59785; 59785; 59785; 59785;
 59787; 59787;
 59817;
 59888;
 59900; 59900;
 59922;
 59924;
 59940; 59940;
 60000; 60000;
 60004;
 60041;
 60075; 60075;
 60122; 60122;
 60134; 60134;
 60142; 60142; 60142; 60142; 60142; 60142;
 60160; 60160; 60160; 60160;
 60161; 60161;
 60185; 60185;
 60191;
 60200; 60200; 60200;
 60223; 60223; 60223;
 60225;
 60228; 60228; 60228; 60228;
 60234; 60234; 60234; 60234;
 60255; 60255; 60255;
 60265;
 60333; 60333; 60333; 60333; 60333;
 60364; 60364; 60364; 60364; 60364; 60364; 60364; 60364; 60364;
 60366;
 60408;
 60424;
 60434;
 60475; 60475; 60475; 60475;
 60476;
 60503; 60503;
 60505; 60505; 60505; 60505;
 60508; 60508;
 60613;
 60615;
 60648;
 60657;
 60680;
 60684; 60684;
 60691; 60691; 60691; 60691; 60691; 60691; 60691;
 60692;
 60704; 60704; 60704; 60704; 60704;
 60716; 60716;
 60725;
 60726; 60726;
 60745;
 60748;
 60749; 60749;
 60752; 60752;
 60766; 60766;
 60768; 60768;
 60769; 60769; 60769;
 60771; 60771;
 60790; 60790; 60790; 60790;
 60810; 60810;
 60817;
 60859; 60859; 60859; 60859; 60859;
 60861;
 60863; 60863; 60863;
 60884;
 60901; 60901; 60901;
 60924;
 60925;
 60928;
 60930; 60930; 60930; 60930; 60930; 60930;
 60932;
 60953; 60953;
 61003;
 61012; 61012; 61012;
 61016; 61016; 61016;
 61024; 61024; 61024;
 61041;
 61057; 61057;
 61072;
 61076; 61076;
 61098; 61098;
 61103;
 61119; 61119; 61119;
 61120; 61120; 61120; 61120; 61120; 61120; 61120; 61120;
 61125;
 61167;
 61168; 61168;
 61171; 61171; 61171; 61171; 61171;
 61175;
 61208; 61208; 61208; 61208; 61208; 61208; 61208; 61208; 61208;
 61216;
 61240;
 61273;
 61289;
 61315;
 61321;
 61329; 61329; 61329;
 61331; 61331;
 61333;
 61374; 61374;
 61393; 61393; 61393; 61393; 61393; 61393; 61393;
 61397; 61397;
 61405;
 61423; 61423;
 61438;
 61472;
 61485;
 61497; 61497; 61497;
 61500;
 61529;
 61530; 61530;
 61545;
 61555;
 61564;
 61601; 61601;
 61649;
 61673; 61673;
 61687; 61687; 61687;
 61696;
 61702; 61702;
 61721; 61721;
 61730; 61730; 61730;
 61747; 61747; 61747;
 61749; 61749;
 61756;
 61761;
 61779;
 61782; 61782; 61782; 61782; 61782; 61782;
 61790;
 61823; 61823; 61823;
 61829;
 61838; 61838; 61838; 61838;
 61840; 61840; 61840; 61840;
 61844;
 61855; 61855; 61855; 61855; 61855;
 61857;
 61869; 61869; 61869;
 61919;
 61920;
 61927; 61927;
 61933;
 61946; 61946; 61946; 61946;
 61957; 61957; 61957;
 61960;
 61962; 61962;
 61967;
 61989;
 62003; 62003;
 62018; 62018; 62018;
 62023; 62023; 62023; 62023;
 62038; 62038; 62038;
 62072;
 62080; 62080;
 62106; 62106;
 62110;
 62136;
 62144;
 62145; 62145;
 62154;
 62161;
 62183;
 62188;
 62212;
 62228; 62228; 62228;
 62230; 62230;
 62294; 62294;
 62311;
 62312; 62312; 62312;
 62319;
 62331; 62331; 62331; 62331; 62331; 62331; 62331;
 62355; 62355; 62355; 62355; 62355; 62355;
 62361; 62361;
 62377;
 62397;
 62438;
 62450; 62450;
 62456;
 62463; 62463;
 62474; 62474;
 62498;
 62504; 62504;
 62506;
 62521;
 62540; 62540;
 62543;
 62564;
 62565;
 62579;
 62581; 62581;
 62582;
 62589;
 62598;
 62614; 62614;
 62629; 62629; 62629;
 62644; 62644;
 62691;
 62699;
 62711;
 62732;
 62733; 62733; 62733; 62733; 62733;
 62734;
 62737; 62737;
 62744;
 62750; 62750;
 62765; 62765; 62765; 62765;
 62768;
 62774; 62774;
 62778;
 62803; 62803;
 62804; 62804; 62804;
 62812;
 62833; 62833; 62833; 62833; 62833; 62833;
 62863;
 62867; 62867; 62867;
 62893;
 62900; 62900; 62900; 62900; 62900;
 62921;
 62922;
 62933;
 62937; 62937;
 62954;
 62958;
 62969;
 62996; 62996; 62996;
 62999; 62999; 62999;
 63006;
 63008; 63008;
 63020; 63020;
 63022; 63022;
 63028;
 63064; 63064;
 63069; 63069; 63069; 63069; 63069;
 63103; 63103; 63103; 63103; 63103; 63103; 63103; 63103;
 63105; 63105; 63105; 63105;
 63125; 63125; 63125; 63125; 63125;
 63142;
 63164;
 63184;
 63189;
 63199;
 63224;
 63239;
 63247;
 63250; 63250; 63250; 63250; 63250;
 63309;
 63314;
 63316;
 63340;
 63360;
 63417; 63417; 63417; 63417; 63417;
 63457;
 63468; 63468; 63468; 63468;
 63470;
 63484;
 63485;
 63506;
 63538;
 63541; 63541; 63541;
 63586; 63586;
 63628; 63628;
 63642; 63642;
 63648;
 63680;
 63743;
 63763; 63763;
 63769; 63769;
 63788;
 63793;
 63834;
 63836; 63836;
 63838;
 63851;
 63858; 63858;
 63861; 63861; 63861; 63861; 63861; 63861; 63861; 63861;
 63872;
 63877;
 63893;
 63898;
 63901;
 63913;
 63930;
 63944;
 63959;
 64017; 64017;
 64026; 64026;
 64057;
 64058;
 64081;
 64097;
 64114;
 64137; 64137; 64137;
 64168; 64168; 64168;
 64181; 64181; 64181;
 64199;
 64210;
 64227; 64227;
 64236;
 64244; 64244; 64244;
 64252; 64252;
 64265; 64265;
 64266; 64266; 64266;
 64268; 64268;
 64270; 64270;
 64296;
 64321; 64321; 64321; 64321;
 64373; 64373;
 64381;
 64443;
 64453;
 64458;
 64462; 64462; 64462; 64462;
 64468; 64468; 64468;
 64478; 64478;
 64481;
 64490;
 64497;
 64501; 64501;
 64508;
 64514;
 64549; 64549; 64549; 64549; 64549; 64549;
 64552; 64552; 64552; 64552; 64552; 64552; 64552;
 64569;
 64577; 64577; 64577;
 64622;
 64629;
 64638;
 64643; 64643; 64643; 64643;
 64702;
 64714; 64714;
 64717;
 64728;
 64737;
 64753; 64753;
 64766; 64766; 64766;
 64771;
 64780;
 64792;
 64793;
 64800; 64800;
 64802; 64802;
 64832;
 64851;
 64855; 64855;
 64857;
 64860; 64860;
 64878; 64878; 64878;
 64900; 64900;
 64908;
 64914; 64914;
 64927;
 64931; 64931;
 64944; 64944;
 64946; 64946;
 64994;
 65007;
 65023;
 65025;
 65061; 65061; 65061;
 65062; 65062;
 65063;
 65072;
 65077;
 65118;
 65123;
 65164;
 65177; 65177; 65177; 65177;
 65188;
 65189;
 65191; 65191; 65191;
 65196;
 65203; 65203; 65203; 65203;
 65209; 65209;
 65225;
 65232; 65232;
 65253; 65253; 65253; 65253;
 65273;
 65295; 65295; 65295; 65295;
 65311; 65311;
 65316; 65316; 65316;
 65321; 65321;
 65327;
 65334;
 65367; 65367;
 65375; 65375; 65375; 65375;
 65391; 65391;
 65409;
 65425;
 65452;
 65457; 65457; 65457; 65457; 65457;
 65492;
 65525; 65525; 65525; 65525;
 65532;
 65549; 65549; 65549;
 65553; 65553; 65553;
 65564;
 65573; 65573;
 65575;
 65584;
 65601; 65601; 65601;
 65618;
 65623; 65623;
 65624; 65624; 65624;
 65629;
 65639; 65639; 65639;
 65649; 65649; 65649;
 65651; 65651;
 65656;
 65658;
 65691;
 65697; 65697; 65697;
 65745; 65745;
 65788;
 65817; 65817; 65817; 65817; 65817;
 65823; 65823;
 65845;
 65856; 65856;
 65916;
 65979; 65979;
 65983;
 65990;
 66019;
 66024; 66024; 66024;
 66031; 66031;
 66080;
 66090; 66090;
 66102;
 66121;
 66142;
 66170;
 66193;
 66209; 66209;
 66212; 66212;
 66223;
 66237;
 66238;
 66242; 66242;
 66264;
 66265;
 66292; 66292; 66292;
 66298; 66298;
 66299; 66299; 66299;
 66313; 66313; 66313;
 66326; 66326; 66326; 66326; 66326;
 66330; 66330;
 66338;
 66372; 66372; 66372;
 66381;
 66387; 66387; 66387;
 66485; 66485; 66485;
 66506;
 66566;
 66614; 66614; 66614;
 66633; 66633;
 66652;
 66667; 66667; 66667;
 66678; 66678;
 66713; 66713; 66713;
 66719;
 66729; 66729; 66729; 66729; 66729;
 66731;
 66768; 66768;
 66776;
 66777; 66777;
 66840; 66840;
 66851; 66851; 66851; 66851;
 66854; 66854;
 66873; 66873;
 66887;
 66908; 66908; 66908;
 66925;
 66928; 66928; 66928;
 66938; 66938; 66938;
 66975;
 67040; 67040;
 67079; 67079;
 67080;
 67091; 67091; 67091; 67091;
 67093; 67093;
 67126;
 67131;
 67143;
 67194; 67194; 67194; 67194; 67194;
 67208; 67208;
 67219;
 67224;
 67247; 67247;
 67256; 67256; 67256; 67256;
 67258;
 67259; 67259; 67259; 67259; 67259; 67259; 67259;
 67274; 67274;
 67275; 67275;
 67301;
 67312;
 67343;
 67344;
 67385; 67385;
 67424;
 67429;
 67435;
 67452; 67452; 67452; 67452;
 67514;
 67544; 67544;
 67545;
 67557;
 67564;
 67592;
 67603;
 67617;
 67623;
 67627;
 67637;
 67640; 67640; 67640;
 67648; 67648; 67648;
 67660;
 67687; 67687;
 67697;
 67710;
 67711;
 67717; 67717; 67717;
 67725; 67725;
 67733; 67733;
 67749; 67749;
 67766; 67766; 67766;
 67782; 67782;
 67787; 67787;
 67810; 67810; 67810;
 67811; 67811;
 67817; 67817;
 67829; 67829;
 67857; 67857; 67857;
 67860;
 67876; 67876; 67876; 67876; 67876;
 67934; 67934;
 67944;
 67964; 67964;
 67971;
 67998; 67998; 67998; 67998; 67998; 67998; 67998;
 68029;
 68034; 68034; 68034; 68034;
 68036;
 68047;
 68077;
 68089;
 68117; 68117; 68117;
 68146; 68146; 68146; 68146; 68146; 68146; 68146;
 68153; 68153;
 68168; 68168; 68168; 68168;
 68174;
 68179;
 68180;
 68192;
 68201; 68201; 68201;
 68208; 68208;
 68229; 68229; 68229;
 68235; 68235;
 68245; 68245; 68245; 68245; 68245;
 68282;
 68300;
 68305;
 68317; 68317;
 68326;
 68331;
 68348; 68348;
 68358;
 68371;
 68376;
 68380;
 68395;
 68403; 68403;
 68408; 68408;
 68444;
 68447; 68447; 68447;
 68466; 68466;
 68467; 68467; 68467;
 68484; 68484;
 68505; 68505;
 68511; 68511;
 68543; 68543; 68543; 68543; 68543;
 68551; 68551;
 68587; 68587;
 68592;
 68595; 68595;
 68603; 68603;
 68622; 68622; 68622; 68622;
 68629;
 68644;
 68647; 68647; 68647;
 68669;
 68697; 68697;
 68703; 68703; 68703;
 68704; 68704;
 68731; 68731; 68731; 68731; 68731; 68731;
 68735;
 68740;
 68772; 68772;
 68806;
 68819; 68819; 68819; 68819; 68819;
 68830; 68830; 68830; 68830;
 68833; 68833; 68833;
 68871; 68871;
 68884;
 68922; 68922;
 68940;
 68972; 68972; 68972;
 68975;
 68986; 68986; 68986; 68986;
 69020;
 69025;
 69041; 69041;
 69056; 69056; 69056;
 69071; 69071;
 69072;
 69088;
 69098;
 69099;
 69114;
 69115;
 69116;
 69122;
 69130;
 69143;
 69156;
 69177;
 69182; 69182;
 69183; 69183; 69183; 69183; 69183; 69183;
 69200; 69200; 69200;
 69262;
 69264; 69264; 69264; 69264;
 69294;
 69299;
 69301;
 69303;
 69313;
 69334;
 69344; 69344; 69344; 69344;
 69361; 69361;
 69371; 69371; 69371; 69371;
 69375; 69375;
 69384; 69384;
 69401; 69401; 69401;
 69426;
 69445;
 69473;
 69474; 69474;
 69483;
 69498;
 69502; 69502;
 69509; 69509; 69509; 69509; 69509;
 69531; 69531; 69531;
 69551; 69551; 69551;
 69631; 69631;
 69640;
 69641;
 69648;
 69677; 69677;
 69691;
 69693;
 69704; 69704;
 69714; 69714; 69714; 69714;
 69724;
 69745;
 69749;
 69757;
 69775;
 69779; 69779; 69779;
 69782;
 69826;
 69837;
 69870; 69870; 69870; 69870;
 69889;
 69891; 69891; 69891;
 69928; 69928;
 69936;
 69968; 69968; 69968; 69968;
 69987; 69987;
 69997; 69997; 69997; 69997;
+++infinity
---End of Skip List---
