100 300
92 9
93 40
41 27
12 25
9 97
86 85
49 68
58 74
36 80
21 7
66 45
34 54
1 82
49 74
48 71
56 51
61 71
12 5
100 21
40 95
64 99
42 9
23 40
17 11
14 70
72 54
85 24
72 80
17 50
69 29
51 64
2 50
39 46
66 38
99 8
76 14
87 29
87 76
3 62
26 15
87 27
90 78
65 81
68 59
78 19
44 63
23 93
45 61
64 16
78 35
7 42
36 50
45 33
17 8
47 54
37 16
40 91
90 84
61 98
56 94
43 32
94 65
45 41
25 64
63 53
69 92
38 11
35 54
84 21
12 96
75 25
47 69
100 34
69 17
38 9
20 7
61 64
65 13
10 77
18 77
64 80
35 80
97 79
39 79
97 49
41 74
78 30
34 68
41 4
69 29
95 39
57 39
68 92
19 49
100 5
18 47
28 42
70 2
28 64
63 36
88 23
54 73
1 3
42 68
23 98
88 68
4 46
70 48
39 48
89 91
49 48
69 23
49 56
18 17
18 84
46 81
58 18
34 87
60 21
33 84
28 99
57 28
48 44
29 21
2 7
82 86
87 36
62 6
98 2
74 44
58 92
54 95
15 27
86 1
34 2
18 39
45 73
92 35
85 57
35 20
100 29
56 73
74 25
94 5
27 9
12 47
57 65
98 33
18 7
33 96
90 8
68 96
15 9
17 9
19 31
6 16
15 29
35 97
65 12
98 3
9 52
85 93
71 58
6 76
47 99
91 13
90 81
51 6
74 72
55 13
19 5
77 81
75 17
18 72
42 37
43 6
3 91
54 49
14 32
38 87
97 79
16 23
63 45
58 6
38 45
65 10
67 77
24 7
67 81
78 31
14 20
15 88
69 44
23 75
58 71
90 44
36 14
44 9
43 26
9 82
80 1
88 51
23 26
22 86
3 6
50 81
77 55
50 73
15 84
74 82
70 32
87 52
67 75
99 14
28 18
89 45
54 44
54 51
49 32
41 21
48 85
76 4
77 90
100 29
37 62
77 59
18 21
87 8
12 29
20 19
2 25
63 91
33 30
83 3
15 66
3 21
28 91
22 94
43 32
33 93
95 22
95 94
91 72
55 20
48 96
31 51
81 57
79 89
60 21
1 18
50 13
62 27
26 14
35 32
71 6
94 69
58 11
60 65
13 28
61 63
46 71
60 96
74 41
93 37
74 9
77 4
66 73
32 74
75 100
91 12
73 70
82 53
4 97
57 53
39 53
55 7
11 85
54 93
96 89
85 88
26 1
30 14
73 33
97 42
17 77
39 84
19 93
100 53
74 45
42 69
84 12
61 65
29 60
49 67
38 18
94 63
31 48
78 18
3 63
25 72
